id,year,speechContent,evidence_minus_intuition_score,text_en
209,1949,jeweiligen Erfordernissen des praktischen Lebens von Fall zu Fall Für uns hängt die Seligkeit davon nicht ab Im Rahmen der uns auferlegten sozialen Verpflichtungen haben wir gerade auch hier eine soziale Marktordnung Wirklichkeit werden zu lassen Im Rahmen der zu ergreifenden marktorganisatorischen Manahmen wird die Errichtung von Marktverbänden ich denke hier vor allen Dingen an die Zucker und Milchwirtschaft ein dringendes Anliegen der Verbraucher der Erzeuger und Verarbeiter sein Ich darf mir auch erlauben die Regierung um beschleunigte Vorlage eines Gesetzes über die Importausgleichsstelle zu bitten Das Gesetz ist bereits vom Wirtschaftsrat beschlossen worden hat aber nicht die Genehmigung der Militärregierung gefunden Durch die Verzögerung wird die Erzeugung in Mitleidenschaft gezogen Ich hoffe da auch in diesem Gesetz eine angemessene Heranziehung der berufenen Vertretung der Landwirtschaft vorgesehen werden wird In diesen Zusammenhang gehört noch die baldige gesetzliche Regelung von Vorratsstellen für landwirtschaftliche Erzeugnisse aus eigener Produktion und aus Importen damit,0.020760149,Quota Exceeded
201,1949,den Staat und damit gegen das richten was allen guten Demokraten ein gemeinsames Anliegen sein soll Ich wehre mich aus solcher Überlegung sehr energisch gegen die Ausführungen des Herrn Abgeordneten Dr Schumacher in denen er so tut als ob die Interessen der arbeitenden Bevölkerung nur bei der Opposition gewahrt würden 1 und wenn er behauptet die Zusammensetzung der Regierung berge die Gefahr in sich da der neue Staat ein autoritärer Besitzverteidigungsstaat werde Mit solchen Ausführungen tut man diesem neuen Staat keinen guten Dienst 2 Ich darf aber in aller Bescheidenheit darauf hinweisen da auch die Wähler der Abgeordneten der Regierungsparteien zur arbeitenden Bevölkerung gehören Selbst wenn der Herr Abgeordnete Dr Schumacher unter arbeitender Bevölkerung hier die handarbeitende Bevölkerung gemeint haben sollte so mu ich mit aller Festigkeit aussprechen da auch wir groe Schichten dieser Bevölkerung vertreten und da die Opposition kein Monopol auf soziale Gesinnung und auf alleinige Wahrung sozialer,0.42028627,Quota Exceeded
123,1949,43 der Haager Landkriegsordnung gibt dem Okkupanten das Recht nachdem tatsächlich die Macht in seine Hände übergegangen ist für die Wiederherstellung der öffentlichen Ordnung und des öffentlichen Lebens zu sorgen wobei die Landesgesetze zu beachten sind Die besetzende Macht hat nach der Haager Landkriegsordnung kein Recht zu Handlungen die nur dem Souverän zustehen und in unserem Fall wäre Souverän das deutsche Volk Jede Abtrennung deutschen Gebietes steht also auerhalb aller völkerrechtlichen Grundlagen und widerspricht nicht nur dem Artikel 43 der Haager Landkriegsordnung sondern darüber hinaus auch noch der AtlantikCharta Das gilt beispielsweise für das Saargebiet und andere Teile des Westens wie für alle Ostgebiete Wenn in der Regierungserklärung davon die Rede war da man eventuell bereit sein würde auf gewisse Souveränitätsrechte zu verzichten dann möchten wir den Herrn Bundeskanzler doch bitten nicht einen einseitigen Verzicht auszusprechen sondern auf jeden Fall auch einen solchen Verzicht von der in diesem Augenblick entgegenstehenden,-0.7275952,Quota Exceeded
1241,1949,der ganze leidige Hauptstadtstreit aus Anla dieser Geschäftsordnungsdebatte zur Erörterung käme Wir sind da also bis zum Äuersten gegangen um uns zurückzuhalten und das zu vermeiden Um so mehr bedauere ich da hinterher wieder einmal nicht von allen Beteiligten geschwiegen worden ist sondern da sich der Herr Abgeordnete Dr von Brentano zu dieser Frage mehrfach in der Öffentlichkeit hat vernehmen lassen Ich bitte den Herrn Präsidenten um die Erlaubnis aus zwei Zeitungen der Frankfurter Rundschau vom 18 November und dem Darmstädter Echo ebenfalls vorn 18 November aus einem offenen Brief den Herr von Brentano diesen beiden Zeitungen zur Verfügung gestellt hat lediglich zwei Sätze verlesen zu dürfen Der Antrag auf Abänderung der Geschäftsordnung so schreibt Herr Dr von Brentano war ein Antrag der Fraktion der CDUCSU der von mir als dem Vorsitzenden unterzeichnet war Er wurde vom Bundestag einstimmig angenommen 6 Dies scheint mir zu beweisen da kein Abgeordneter des,-0.35100093,Quota Exceeded
183,1949,der andern Richtung zur Geltung So ist auch die Regierungserklärung unter diesem Gesichtspunkt zu sehen Wir stehen natürlich auf dem Standpunkt da wir die Staatsaufgaben vermindern müssen soweit es geht damit dieser Allgewaltstaat uns nicht mit der Vernichtung der persönlichen sittlichen und selbstverantwortlichen Freiheit bedroht Die Staatsaufgaben zu vermindern das ist das groe Problem Deshalb stimme ich denen nicht zu die von der Regierung immer wieder neue Gesetze verlangen langen Je mehr Gesetze die Regierung gibt um so mehr gerät sie in Versuchung die persönliche und sittliche Freiheit zu gefährden Sie soll wenige Gesetze geben aber diese wenigen Gesetze auch mit allem Nachdruck durchführen Nur so kommen wir dazu die Staatsaufgaben in der Praxis des Lebens zu vermindern Wenn wir nun etwas näher zusehen so müssen wir vor allem immer hervorheben da der Staat von allen Aufgaben die nicht unbedingt zum Wesen des Staates gehören eben zu jener Objektivation der,-0.51953495,Quota Exceeded
1104,1949,Die letzte Äuerung des Herrn Abgeordneten Dr Reismann war ganz und gar geschäftsordnungswidrig 0 Meine Damen und Herren es ist doch so wenn sich bei einer Abstimmung die Beschluunfähigkeit des Hauses herausstellt so ist damit automatisch die Sitzung zunächst geschlossen 1 nicht unterbrochen sondern geschlossen und es mu vom Präsidenten eine neue Sitzung angesetzt werden Diese neue Sitzung kann morgen oder übermorgen stattfinden sie kann aber auch von dem Präsidenten sofort nach einer Vierteloder halben Stunde einberufen werden wenn er der Meinung ist da diese Beschluunfähigkeit vorübergehend war da sich im Parlamentsgebäude auerhalb des Saales noch so viele Abgeordnete aufhalten da sich bei einer späteren Sitzung wieder eine Beschlufähigkeit ergeben könnte 2 Deshalb ist es üblich und war es im Reichstag verzeihen Sie wenn ich mich immer wieder darauf berufe aber ich habe dort zwölf Jahre die Geschäfte geleitet die Regel da in einem solchen Augenblick der Präsident je nach,-0.23152131,Quota Exceeded
205,1949,bewahren und mehr Wert darauf gelegt hätte das gute Herz zu zeigen 3 dann hätten wir das wahrscheinlich schon überwunden Die Ostvertriebenen sind die einzige Volksgruppe deren Angehörige bei der Währungsreform vollkommen leer ausgegangen sind Vor einigen Tagen hat hier ein Abgeordneter darüber geklagt da die Sparguthaben nur mit 65 Prozent aufgewertet worden sind Ich mu ihm entgegenhalten da unseren Schicksalsgenossen auch diese 65 Prozent vorenthalten worden sind 4 da sie bis heute noch nicht die geringste Aufwertung für ihre Sparguthaben bekommen haben Das mutet besonders merkwürdig an wenn man sich vergegenwärtigt da sich auch hier wieder ein Unrecht gegen die richtet die ohnehin schon alles verloren haben Wir erwarten von der Regierung da eine ihrer ersten Manahmen sein wird diesem Unrecht ein Ende zu setzen Wir haben mit Genugtuung aus der Erklärung des Kanzlers gehört da ein weiteres Unrecht nämlich in der Behandlung der Ansprüche unserer Pensionäre und Hinterbliebenen,1.1191702,Quota Exceeded
721,1949,nachzureichen und so sollte es auch hier nicht angängig sein da der Bundesrat seine Auffassung dem Ausschu nachreicht Wenn er sie nicht bis zur ersten Lesung hier erklärt hat so werden wir sie auch künftig nicht berücksichtigen können jedenfalls nicht in der Form da wir die Ausschüsse an die Stelle des Plenums setzen Meine Damen und Herren Ich erinnere Sie an die Ausführungen die der sogenannte Staatsrechtler SchmidtDorotic gemacht hat der Theoretiker des Nationalsozialismus der erklärt hat Der entartende Parlamentarismus zeichnet sich dadurch aus da aus dem eigentlichen Parlament die Diskussion und die Verantwortung auf immer kleinere Ausschüsse verlagert wird bis man schlielich beim Führer endet 12 Wenn Sie diesen schiefen Weg nicht gehen wollen so werden Sie mir zugeben müssen da die erste Lesung einer ersten Regierungsvorlage ein politisch auerordentlich bedeutsames Ereignis ist 13 und ich begrüe es da der Herr Bundeskanzler jetzt anwesend ist auch ohne da Sie,0.058945596,Quota Exceeded
252,1949,Rechten für die die noch nicht genug davon haben ein Ding das ihnen Tore in Bereiche öffnen kann die ihnen bisher verschlossen waren Wie seltsam man vom Recht denken kann dafür gibt es kaum ein einleuchtenderes Beispiel als die bekannte Rede eines gewissen Junkers Otto von Bismarck aus dem Jahre 1847 wo er als göttlichem und menschlichem Recht widerstreitend darstellte da die adligen Grundbesitzer zur gleichen Grundsteuer herangezogen werden sollen wie die bürgerlichen Das war durchaus sittlich gemeint und keine Tartufferie Meine Damen und Herren was hier in diesen Tagen im Namen der individuellen Freiheit vertreten worden ist das waren zum groen Teil Relikte des Nationalliberalismus der Wilhelminischen Zeit 2 Es war weitgehend der sehr respektable HonoratiorenLiberalismus von Besitz und Bildung der zu seiner Zeit wohl eine höchst moderne und die Welt reich befruchtende Sache gewesen ist Aber leider haben heute in unserem Volk nur wenige den dafür erforderlichen Besitz,0.90328896,Quota Exceeded
1385,1949,Meine sehr verehrten Damen und Herren Namens der Fraktion der WAV habe ich folgende Erklärung abzugeben Die Fraktion der WAV bedauert auerordentlich da durch das Interview des Herrn Bundeskanzlers ausgerechnet im jetzigen so ungeeigneten Augenblick eine Diskussion im Inland und insbesondere auch im Ausland entstanden ist die gewissen Leuten im Ausland die Möglichkeit gegeben hat die Friedensliebe des deutschen Volkes irgendwie in Zweifel zu ziehen Wir bedauern auerordentlich da der Herr Bundeskanzler sich wiederum hat dazu verleiten lassen ohne Anhörung des Parlaments ohne Anhörung des auenpolitischen Ausschusses oder irgendwelcher sonstiger Gremien dieses Hohen Hauses an eine ziemlich unbekannte Zeitung des Auslands Interviews von so schwerwiegender Bedeutung abzugeben Wir fürchten da durch solche politische Methoden des Herrn Bundeskanzlers der Sache unseres ganzen deutschen Volkes die er wohl vertreten will der denkbar schlechteste Dienst erwiesen wird Deshalb verurteilt die Fraktion der WAV mit Entschiedenheit die Handlungsweise des Herrn Bundeskanzlers Dr Adenauer 0,-0.44733113,Quota Exceeded
1296,1949,das Bier als Luxusgetränk betrachtet ob er es nicht vielmehr als Volksgetränk ansieht 12 Aus Ihren Zwischenrufen und Ihrem Gelächter sehe ich da wir erst recht im Recht sind wenn wir Sie um eine Sonderregelung bitten weil Sie uns kein Verständnis entgegenbringen wollen 13 Die bayerischen Arbeiter haben unter der Reichsbiersteuerverordnung gegenüber der Vorkriegszeit bzw gegenüber der Zeit vor 1914 eine dreiunddreiigfache höhere Besteuerung erfahren Sie sind gegenüber den andern Ländern benachteiligt weil 80 Prozent unserer Bierproduktion in Bayern selbst verbraucht werden Die Frage ist ja hier ganz anders zu betrachten als beispielsweise bei der Tabaksteuer als Verbrauchssteuer Tabak zum Beispiel badischer Tabak wird ja im ganzen Bundesgebiet verkauft Aber wir verbrauchen 80 Prozent unserer Bierproduktion selbst und es ist doch nicht unbillig wenn wir deshalb auch die Steuer für diese 80 Prozent des gesamten Bierkonsums selbst für uns in Anspruch nehmen Meine Damen und Herren Ich habe schon erwähnt,1.2586046,Quota Exceeded
763,1949,Meine Damen und Herren Der Herr Vorredner hat soeben gesagt die Regierung bürge dafür da die Sache nicht auf den Nimmerleinstag verschoben werde Es würde doch für das Haus interessant sein die Gedanken der Regierung zu diesem Antrag einmal zu hören 0 insbesondere die Gedanken des Herrn Ministers für die Angelegenheiten der Heimatvertriebenen und auch die Gedanken des Herrn Finanzministers darüber wie er sich denn die Erledigung dieser Zahlungen vorstellt Man kann nicht umhin nachdem die Soforthilfe lange im Laufen war und noch nichts gezahlt ist und die Leute müssen endlich zu etwas kommen zu vermuten da wenn nächstens im dritten Jahr zu Weihnachten die Sache noch nicht so weit ist sich auch dann wieder ein Grund findet sie an den Ausschu zu verweisen Daher bitte ich zunächst einmal die Regierung um Stellungnahme hierzu,-0.4329121,Quota Exceeded
1346,1949,den Fachstellen in die ordnungsmäigen statistischen Amtsstellen zu bringen 2 Wir möchten auch nicht da irgendeine Fachbehörde sei es auch eine nachgeordnete Dienststelle nur deswegen existent bleibt weil sie statistische Aufgaben zu erfüllen hat Das scheint uns ein gefährliches Beispiel für das Wesen eines überbürokratischen Verwaltungsapparates zu sein Ein weiterer Punkt der allerdings sehr ernst genommen werden mu ist die Frage der Behandlung der Importe durch die Fachstellen Meine sehr geehrten Damen und Herren ich stehe nicht an aus eigenster Praxis zu sagen hier bedarf es dringend der Reform Diese Reform der Einfuhrverfahren liegt aber nicht in den Händen der Fachstellen sondern einmal in den Händen der Besatzungsbehörde bzw deren Dienststellen und zum zweiten in den Händen des Wirtschaftsministeriums Wir müssen zu einer vernünftigen Gestaltung der Importverfahren kommen dann brauchen wir auch keine Fachstellen mehr 3 Jeder Schritt der uns hier ein ganz klein wenig weiterbringt und ein Stück von,0.6668273,Quota Exceeded
385,1949,sogar die deutsche Kriminalpolizei und die Polizei in Bewegung um Nachforschungen anzustellen wer sich an sogenannter Widerstandsleistung beteiligt hat Ist es nicht eine Schande da sich überhaupt Deutsche dafür hergeben als Spürhunde 13 oder als Schutztruppe bei der Vernichtung deutscher Arbeitsstätten eingesetzt zu werden Ich habe bereits den Herrn Kollegen Menzel darauf aufmerksam gemacht da man jetzt in Mörs Polizeibeamte zum Schutz provozierender Demontageunternehmer eingesetzt hat Wir werden uns über diese Angelegenheit noch zu unterhalten haben Auf jeden Fall hat man nicht nur die Polizei und das Militär mobilisiert sondern man hat auch die Gerichte in Front gebracht Eine Reihe von Arbeitern Angestellten und Betriebsleitern wurde bestraft In der letzten Zeit wurde sogar das Urteil welches in Dortmund gefällt wurde durch das Oberste Militärgericht bestätigt Wir haben deshalb nicht nur einen Antrag eingebracht da der Bundestag die sofortige Aufhebung der Demontagen beschlieen möge sondern wir haben auch einen Antrag eingebracht,-1.5688534,Quota Exceeded
923,1949,Meine Damen und Herren Ich hatte eigentlich die Absicht heute vor Ihnen nur über den Teil des Abkommens vom Petersberg zu sprechen auf den das ganze deutsche Volk mit fiebernder Ungeduld gewartet hat über das Ergebnis der Demontageverhandlungen Aber der Verlauf der Debatte in der letzten halben Stunde zwingt mich doch hier einiges Allgemeinpolitisches zu sagen An diesem Kampf gegen die Demontagen hat eine Unzahl von idealistischen Freunden des deutschen Volkes in der ganzen Welt teilgenommen Wer sich an diesem Kampf beteiligt hat hat sich auf den Augenblick gefreut in dem ein Enderfolg in diesem Kampf verkündet werden könnte Das was wir nun heute gehört haben bereitet uns nur eine sehr gedämpfte Freude Es bereitet uns eine gedämpfte Freude bezüglich des sachlichen Ergebnisses und darüber werde ich in meinen Ausführungen leider nur allzu viel zu sagen haben Es bereitet uns aber darüber hinaus einen ausgesprochen patriotischen Schmerz da diese bescheidenen,-1.3898263,Quota Exceeded
1053,1949,Herr Präsident ich bezweifle die Beschlufähigkeit des Hauses 0 Ich bin für den Antrag aber ich bezweifle die Beschlufähigkeit des Hauses Es sind höchstens 150 Abgeordnete da Es ist Pflicht eines Abgeordneten bei einer derartig wichtigen Debatte anwesend zu sein 1,-2.456985,Quota Exceeded
1493,1949,der nationalsozialistischen Ideologie nicht nur zu identifizieren sondern auch Äuerungen zu machen mit denen er das verbrecherische System des Nationalsozialismus nachträglich noch anerkennt und sich zu ihm bekennt 12 Meine Damen und Herren es ist doch geradezu skandalös wenn man schon von Skandal sprechen will was der Herr Abgeordnete Hedler getan hat 13 Es steht für mich auer allem Zweifel da das was über die Juden und was über die Männer gesagt worden ist die sich dem System des Herrn Hitler und seiner Spiegesellen entgegengestellt haben allen Deutschen die heute Verantwortung tragen die Schamröte ins Gesicht treibt wie es gestern eine Zeitung ausgedrückt hat 14 Ich glaube wir sind es der Zukunft unseres Volkel schuldig da wir uns von Leuten wie Herrn Hedler mit allem Nachdruck absetzen und dafür Sorge tragen da sie aus der parlamentarischen Repräsentation des deutschen Volkes verschwinden 15 und zwar ohne Rücksicht ohne Milde und ohne,-1.39324,Quota Exceeded
1160,1949,Ich schlage vor da wir zu allen noch ausstehenden Punkten der Tagesordnung vorläufig nur beraten und die Beschlufassung bis ans Ende der Tagesordnung zurückstellen 0,-1.3371296,Quota Exceeded
438,1949,geholfen werden Frau Schroeder die rein vernunftmäigen Erwägungen besagen da Berlin nicht nur in der Mitte Deutschlands wie in der Deutschen Zeitung der früheren Wirtschaftszeitung vom 16 Juli dieses Jahres zum Ausdruck gebracht worden ist seine Bedeutung hat sondern im Güteraustausch zwischen Ost und West liegt die wirtschaftliche Zukunft Berlins beschlossen und ein gut Teil der Zukunft ganz Deutschlands das somit auch mit seiner alten Hauptstadt verbunden bleibt Daraus dürfte sich glaube ich logischerweise eine zwingende Schlufolgeriung ergeben Ails der natürlichen wirtschaftlichen Verbundenheit Berlins mit dem Osten und der Ostzone ich glaube Ihre eigenen Zahlen des Wirtschaftamts dürften wohl nicht trügen wenn festgestellt wird da die Absatzstatistik von den rund 850 000 Westberliner Arbeitnehmern für ostexportfähige Industrie und Handwerksbetriebe allein 315 000 Beschäftigte einsetzen lät ergibt sich bereits evident da eine Gesundung Berlins nur durch die Erschlieung des Handels Verkehrs und Absatzes nach dem Osten und der Ostzone möglich ist,-1.4027488,Quota Exceeded
1301,1949,Das soll ein Lob für die beiden beteiligten Parteien sein denn ich glaube aus den Emblemen eines Wappens kann man immer nur löbliche Eigenschaften herleiten 0 1 Der Herr Kollege Besold der hier zuerst gesprochen hat hat an das Haus die Mahnung gerichtet sine ira et studio ohne Eifer und Zorn die Dinge zu behandeln Der Herr Kollege Dr Baumgartner hat das auch auf das Lachen ausgedehnt und zwar ganz mit Recht Es ist in der Tat keine lächerliche Anlegenheit Wenn Sie mich fragen wodurch das Lachen an dem ich mich auch beteiligt habe Herr Kollege Dr Baumgartner zustande gekommen ist dann glaube ich kommt es daher da Sie die beiden Worte Durst und Bedürfnis in ungeheuer nahe ja auch tatsächlich vorhandene Beziehung zueinander gebracht haben 2 Zu den rechtlichen Fragen kann ich mich sehr kurz fassen Es scheint mir eine übertriebene Analogie vom Zivil oder Strafrecht auf das Staatsrecht,-1.5495847,Quota Exceeded
742,1949,Militärverwaltung geschaffenen Archiv in Potsdam gesammelt wird an dessen Spitze der jetzt vielgenannte General Korfes steht der dem Komitee Freies Deutschland angehört hat Ein anderer Teil aber fluktuiert Es ist mir selbst einmal zufällig in Darmstadt von einer Papiermühle ein Band übermittelt worden der aus dem Hohenzollernschen Hausarchiv stammte die Leute wuten da ich mich dafür interessiere Das Bundesarchiv müte solche Sachen aufspüren und es müte dabei eine gewisse Möglichkeit haben auch den Leuten die eine Entschädigung für die Aufbewahrung fordern wenigstens diese zu geben ohne unbedingt die Rechtmäigkeit des Besitzes in allem zu prüfen denn sonst kommt es dazu da solche Akten verbrannt werden und es ist ja schon sehr viel Material verlorengegangen Das Bundesarchiv müte auch die Akten der Reichsbehörden soweit sie noch vorhanden sind die Akten des Wirtschaftsrats des Zweizonenrats und auch des süddeutschen Länderrates sammeln Es wäre auch notwendig da die Sachen die aus dem Ausland,-1.7017803,Quota Exceeded
1338,1949,Es handelt sich hier um die Beratung eines Steuergesetzes Für die Beratung eines derartigen Steuergesetzes kann natürlich nur der Ausschu für Finanzen und Steuern zuständig sein Beide Ausschüsse mit der Beratung zu beauftragen würde eine Verzögerung bedeuten Wir können zu einer Verabschiedung am Freitag nur kommen wenn wir noch heute im Ausschu für Steuern und Finanzen in die Beratung des Gesetzentwurfs eintreten Ich beantrage also den Gesetzentwurf dem Ausschu für Finanz und Steuerfragen zu überweisen und zwar diesem Ausschu allein Wenn landwirtschaftliche Sachverständige das Bedürfnis haben an diesen Beratungen teilzunehmen so wird es innerhalb der Fraktionen möglich sein die Mitglieder des Finanz und Steuerausschusses auszuwechseln 0,-1.4740926,Quota Exceeded
302,1949,Zur Abstimmung Ich glaube wenn Sie den Antrag halb verlesen müssen Sie ihn auch ganz verlesen weil sonst kein Mensch erkennen kann da dieser Antrag in seinem Absatz 1 im Gegensatz zu dem von der CDUCSU gestellten Antrag steht,-2.1026342,Quota Exceeded
181,1949,die Atmosphäre einer Verständigung und Versöhnung der Völker schaffen zu helfen Der junge deutsche Mensch wird dann auch zu einer echten Liebe zu Deutschland kommen wenn er seine vaterländische Aufgabe mit darin sieht nicht wie ich es im letzten Wahlkampf besonders im Norden Deutschlands erlebt habe Preuenmärsche und nationalistische Wahlpropaganda als Ausdruck des Deutschtums zu empfinden seinem Volke zu dienen und zu helfen und im Sinne des Ausgleichs und der Verständigung durch staatsbildende und staatserhaltende und dem Aufbau dienende Elemente die Heimat Deutschland und Europa neu zu gestalten in Frieden und Wohlfahrt Findet die Jugend diesen Weg in die politische Verantwortung wird sie Mitträger der Demokratie ringt sie mit um jene Erkenntnis und um diese politischen Ziele die Deutschland gestalten und erneuern müssen dann ist unser Bundesstaat auf gutem Grund gebaut In diesem Sinne gilt mein Anliegen an die Regierung insbesondere zur Jugend das wärmste Vertrauen zu haben und der Jugend in ihrer Bedeutung und ihrem Wollen zu helfen sie zu fördern und zu stützen 1,-1.5570886,Quota Exceeded
71,1949,auch unter den Folgen eines verlorenen Krieges zu leiden 8 Man kann schon beinahe sagen eines verlorenen Krieges Aber wir wollen uns der Tatsache wirklich nicht verschlieen da die Wirtschaftspolitik Englands ein gerüttelt Ma von Schuld an den heutigen schwierigen wirtschaftlichen Zuständen trägt 9 Deswegen sind wir ja auch nicht gewillt gleiche Experimente in Deutschland mit gleichem Enderfolg durchzuführen 10 Es ist im übrigen auch darauf möchte ich eingehen in Zusammenhang mit der Frage der Sparsamkeit und der Notwendigkeit soziale Aufgaben zu bewältigen auch die Frage angeschnitten worden ob das Kabinett nicht zu stark besetzt sei In diesem Zusammenhang fiel auch die Bemerkung 11 da man sogar unter Umständen aus denjenigen die nicht Minister geworden seien eine Fraktion zusammenstellen könne Ich wei nicht ob Herr Dr Schumacher dabei an seine Fraktionskollegen gedacht hat 12 die am 14 August bestimmt noch die Absicht hatten hier oben zu sitzen 13 Zur Notwendigkeit,-1.9612892,Quota Exceeded
183,1949,wird doch nicht blo ein Lachen sondern etwas mehr übrigbleiben Ich kann Ihnen nur eines sagen dieser Gedanke das geht gerade die Herren von der CDU und CSU an ist grundsätzlich seinerzeit von Papst Leo III in seinen beiden groen Enzykliken Quadragesimo anno und Novarum rerum 13 ausdrücklich behandelt worden Glauben Sie nicht da ich diese Gedanken dort geholt habe aber ich möchte ausdrücklich sagen da sie dort auch wurzeln Ich darf dann weiter darauf aufmerksam machen da es auch noch andere Dinge gibt 14 Herr Präsident würden Sie mir gestatten meine Gedanken noch zu Ende zu führen weil ich jetzt mehr in die Praxis hineinkomme 15 Ich mu leider manches übergehen ich hätte gern etwas mehr Zeit gehabt Nun komme ich zu dem was die Regierung im einzelnen angeht Da möchte ich vor allem einmal als Finanzpolitiker ein paar Worte sagen Vielleicht ist der Herr Finanzminister da 16 Es,-1.3903308,Quota Exceeded
430,1949,Über den Zusatzantrag Berlin als zukünftige Hauptstadt in Aussicht zu nehmen,-7.417777,Quota Exceeded
1428,1949,Herr Präsident Meine Herren Minister 0 Meine Damen und Herren Ich stelle mit Verwunderung fest da es niemand von der Landesregierung 1 der Bundesregierung für notwendig hält anwesend zu sein wenn diese Frage erörtert wird die für Millionen Menschen in unserer Heimat eine Existenzfrage ist 2,3.8197467,Quota Exceeded
20609,1952,eine unerhörte Benachteiligung bedeuten wenn Kiel mit seinen 8 von insgesamt überhaupt nur 11 Heizölschiffen nicht auch eine verstärkte Unterstützung erführe zumal sich der Seefischmarkt in Kiel noch im Aufbau befindet In diesem Zusammenhang gestatten Sie mir auf den Antrag Drucksache Nr 1730 betreffend Mittel für die See und Küstenfischerei zurückzukommen Auch darüber mu ein Wort gesagt werden Ich wei um die Verhandlungen in den zuständigen Ausschüssen Ich wei auch um die Verhandlungen die innerhalb der Bundesregierung zwischen dem Herrn Ernährungsminister und dem Herrn Finanzminister bisher stattgefunden haben Sie haben aus bestimmten Gründen noch nicht zu dem gewünschten Erfolg geführt Ich möchte aber hoffen da die Verhandlungen nicht abgebrochen sind sondern da wir demnächst vielleicht noch einmal mit dem Herrn Finanzminister über die Bedeutung dieses Antrags verhandeln denn es ist auer allem Zweifel und da beziehe ich mich auf die Ausführungen meines Kollegen Glüsing da in dem gleichen Mae wie,-1.155555,Quota Exceeded
47219,1956,Herr Präsident Meine Damen und Herren Wenn Sie sich am Wochenende einmal die groen Tageszeitungen anschauen und den Stellenanzeigenteil etwas näher prüfen dann werden Ihnen eine ganze Reihe sehr groer Anzeigen auffallen in denen Kräfte gesucht werden und die von Beratungsinstituten oder von Einzelpersönlichkeiten unterzeichnet sind die als Sozialberater oder als Industrieberater gekennzeichnet sind Mit diesen Anzeigen die sich mit einem ganz bestimmten Kreis von hockqualifizierten stellungsuchenden Angestellten befassen hat es folgende Bewandtnis Unternehmungen die Spitzenkräfte suchen können nicht in allen Fällen offen inserieren sei es aus Gründen der Konkurrenz sei es aus intern bedingten Gründen Sie können sich aber auch nicht den örtlichen Arbeitsämtern zuwenden und diese oder etwa die zentrale Ausgleichsstelle in Frankfurt am Main um eine Vermittlung ersuchen und zwar deswegen nicht weil dort die Behandlung Siehe Anlage 9 Siehe Anlage 10 0 nach einem Behördengrundsatz schematisch erfolgen mu Ich bitte das richtig zu verstehen Ich will,0.8248878,Quota Exceeded
30319,1954,Es gibt dort sehr viele gute auch sehr viele hoffnungsvolle Anwärter Aber in manchen Fällen hat man doch soweit man sich solche Eindrücke in kurzer Zeit bilden kann einige Beklemmungen Ich halte es im übrigen nicht für eine gute Idee so groes Gewicht darauf zu legen wie das wenigstens eine Zeitlang geschehen ist gerade Philologen als Anwärter für den Auswärtigen Dienst zu suchen Ich sehe darin die richtige Einsicht da spezialisierte Juristen wie die Erfahrung immer wieder gezeigt hat nicht sehr gute Diplomaten sind Aber ich darf doch da von Bismarck die Rede gewesen ist an eine Anekdote erinnern an den Besuch einer Dame bei Bismarck die ihm ihren Sohn als Anwärter für den Auswärtigen Dienst empfehlen wollte mit der Anpreisung er spreche mehrere Sprachen perfekt Daraufhin sagte ihr der alte Herr das täten Friseure auch Darauf kommt es in der Tat nicht an so sehr das zu einer gewissen,-0.14573792,Quota Exceeded
2307,1950,Churchill Anfang der dreiiger Jahre ein einfluloser Abgeordneter nicht mehr Mitglied der Regierung erzählt mit einem gewissen Stolzgleichwohl habe ihm der Speaker einige Male das Wort erteilt Ja meine Damen und Herren das bedeutet und das ist ja auch der englische Brauch da der Abgeordnete des Unter hausec nicht das Recht hat das Wort zu ergreifen wie er will sondern da es voll und ganz von dem Ermessen des Sneakers abhängt ob er ihm das Wort erteilen will oder nicht 6 Sie ersehen daraus da das englische Parlament solche Eingriffe für durchaus vereinbar hält mit den verfassungsrechtlich gewährleisteten Rechten der Abgeordneten Nun meine Damen und Herren mögen solche Fesseln die die Geschäftsordnung dem einzelnen auferlegt natürlich von der Opposition stärker empfunden werden denn dort besteht natürlich die Neigung sich auf der Fettweide der Opposition etwas freier zu tummeln 7 während die Mitglieder einer Regierungskoalition immer von dem Finanzminister in ein,0.3719623,Quota Exceeded
24269,1953,Sicherung des bäuerlichen Privateigentums ein Wir wollen dem Bauern die volle Selbständigkeit seiner Wirtschaft garantieren Aus dieser Tatsache allein ergibt sich schon die Unsinnigkeit von der angeblich beabsichtigten Kollektivierung Die Kollektivwirtschaften so sagt er weiter in der Sowjetunion entstanden auf Grund besonderer Bedingungen Sie stellen eine besondere Form des Aufbaues der sowjetischen Landwirtschaft dar die nicht auf Deutschland übertragen werden kann weil hier andere Bedingungen vorliegen Das noch 1946 Und 1950 verkündete Herr Grotewohl in der Volkskammer Es mu als vollständig unbegründet bezeichnet werden da die Regierung der DDR Manahmen zur Kollektivierung ergreifen will Das entspricht keineswegs den Absichten der Regierung Und schlielich bestritt auch Herr Ulbricht auf dem dritten Parteitag der SED jede Kollektivierungsabsicht indem er sagte Die angloamerikanischen Militärgouverneure und die Bonner Schreiberlinge das ist so der Jargon jener sauberen Herren auf der äuersten Linken 1 versuchen ihre Unfähigkeit dadurch zu verschleiern da sie den Bauern Westdeutschlands einzureden,1.4034514,Quota Exceeded
21145,1952,Reparation oder Restitution oder auf Grund des Kriegszustandes oder auf Grund von Abkommen die die Drei Mächte mit anderen alliierten Staaten neutralen Staaten oder ehemaligen Bundesgenossen Deutschlands geschlossen haben oder schlieen werden Nach diesem Passus verpflichtet sich die Bundesregierung also nicht nur gegen vergangenes Unrecht nicht zu protestieren sondern darüber hinaus auch Absichten gutzuheien die sie im einzelnen noch nicht kennt oder noch nicht kennen kann Dr Adenauer gibt also mit seiner Unterschrift eine generelle Bindung alles hinzunehmen was die Drei Mächte in dieser Frage noch unternehmen werden Er erkennt die Beschlagnahme des deutschen Auslandsvermögens der deutschen Warenzeichen und Patente an und verpflichtet sich 18 Ansprüche und Klagen gegen solche Manahmen der Drei Mächte nicht zuzulassen Dieser Zusatzvertrag gibt darüber hinaus den ausländischen Kapitalisten wirtschaftliche Vorteile in der Art da sich die Bundesregierung verpflichtet Entschädigungen für ihr im Bundesgebiet gelegenes Eigentum zu zahlen während dieselben gleichzeitig aber von allen Abgaben,-0.38252485,Quota Exceeded
56600,1958,diesem Hause erhoben 1 Nur bei Mitgliedern der SPDFraktion bzw bei Herrn Dr Heinemann bedeutet das einen Mibrauch des Christentums 2 Es erhob sich auch kein Widerspruch als Frau Kollegin Rehling in dieser Sitzung sehr dankbar die Erklärung des Bischofs Dibelius begrüte in der gesagt wurde die Kirche könne es sich nicht nehmen lassen politische Fragen auf ihren Veranstaltungen zu diskutieren 3 Weniger zustimmend erklärte sich allerdings Frau Kollegin Rehling gegenüber Äuerungen des Herrn Kirchenpräsidenten Niemöller und seiner geistlichen Freunde als sie für sich dasselbe Recht in Anspruch nahmen wie Herr Bischof Dibelius Also auch hier gilt der Satz Es ist nicht das gleiche wenn zwei das gleiche tun 4 Meine Damen und Herren gegenüber Herrn Kirchenpräsident Niemöller wurde von Frau Kollegin Rehling Martin Luthers Schrift Wider die himmlischen Propheten zitiert in der sich Luther in scharfen Worten gegen die politischen Propheten im geistlichen Rock wendete Frau Kollegin Rehling fügte,0.8867151,Quota Exceeded
39912,1955,Herr Präsident Meine Damen und Herren Ich bin sehr erfreut in zwei Punkten Herrn Kollegen Dr Arndt und Herrn Kollegen Metzger zustimmen zu können in dem Punkte nämlich da in der heutigen Aussprache die Frage der Gültigkeit oder Ungültigkeit des Reichskonkordats nicht zur Debatte steht und in dem mir noch wichtiger erscheinenden Punkte da staatliche Gesetze solange und in der Form in der sie gelten zu beachten sind 0 1 Zu diesen staatlichen Gesetzen gehört aber auch die in Art 4 des Grundgesetzes für unverletzlich erklärte Freiheit der Religionsausübung von der Herr Kollege Arndt sprach und die Unverletzlichkeit der Gewissensentscheidung Sie ist wie Art 1 Abs 3 des Grundgesetzes es vorschreibt für den Gesetzgeber für die Verwaltung und die Gerichte bindend Ich glaube aber wir sollten diese Frage hier nicht weiter vertiefen Ich lege nur im Hinblick auf das was ich nunmehr zu sagen habe Wert darauf diese Worte an,-0.23431623,Quota Exceeded
56950,1958,des Ausgabenstopps ist doch auch entscheidend ob man eine Finanzpolitik mit der Aussicht auf einen gleichbleibenden Zuwachs des Sozialprodukts und damit auf steigende Einnahmen betreibt wie sie auf den Seiten 207 und 208 effektiv dargestellt worden sind Meine politischen Freunde werden Sie bei den Beratungen im Haushaltsausschu auf diese Grundsatzfrage ansprechen ob es bei der bisherigen Relation zwischen Sozialprodukt und Steueraufkommen bleiben soll oder ob Sie beabsichtigen diese Relation zu verändern Einige entscheidende Frigen die wir immer wieder vorzubringen haben sind in den Vorbemerkungen von Ihnen dankenswerterweise zu einem Teil gelöst Wir haben in den letzten Jahren wiederholt gesagt da sich der Überblick über die Haushaltspläne und die Haushaltsfragen für die Mitglieder dieses Hoben Hauses letzten Endes nicht auf Grund des Studiums der Einzelpläne ergeben kann sondern da wir in einer globalen Zusammenstellung so etwas wie einen Funktionsplan haben müssen aus dem wir erkennen können wie denn alle diese groen,-1.2412447,Quota Exceeded
30976,1954,sonst wohlerworbene Rechte wenn nicht zu diesem Zwecke Es mu nun gesagt werden da den wohlerworbenen Rechten auch wohlerworbene Pflichten entsprechen 3 Wir haben in zahlreichen Bundesministerien hochqualifizierte Beamte sowohl nach ihrem Fachwissen wie nach ihrem Dienstwissen wie nach ihrem Charakter Wer die intensiven Beratungen des Haushaltsausschusses mitgemacht hat wer auch dem vorigen Bundestag angehört hat der hat sich davon überzeugen können Das soll hier ausdrücklich und anerkennend gesagt werden Da aber viele an sich tüchtige Beamte nicht wirtschaftlich denken können so müssen sie kontrolliert und im Wirtschaftsdenken erzogen und angeleitet werden Das Gros unserer Beamten auch das möchte ich ebenso ausdrücklich sagen bedarf der fachlichen und der staatsbürgerlichen Fortbildung Deshalb wäre es sehr zu wünschen da die Vereinigung für staatswissenschaftliche Fortbildung die im Jahre 1933 von den Nazis aufgelöst wurde und die dem Staat so vorzügliche Dienste geleistet hat wieder eingerichtet würde 4 5 Ein Wort zu den Angestellten,-1.2853713,Quota Exceeded
63029,1959,eine Zweckbindung von 50 der Mineralölzölle vorgesehen Es handelt sich hierbei um den Teil der Zölle der keinen Zollschutzcharakter mehr hat sondern durch die verbesserte Situation rin der Mineralölwirtschaft zu einem reinen Finanzzoll geworden ist Herr Bundesfinanzminister Sie haben vorhin gemeint durch eine solche Zweckbindung müsse natürlich eine Lücke im Haushalt entstehen Sie haben für die nächsten vier Jahre einen Fehlbetrag von 4350 Millionen DM errechnet Ich komme nicht auf einen so groen Betrag Viermal 600 Millionen sind 2400 Millionen undwenn ich den halben Mineralölzoll in Höhe von 240 Millionen mal vier nehme dann macht das insgesamt 960 Millionen beide Gröen addiert also 3360 Millionen DM aus Wir bewegen uns also auf einer etwas anderen Ebene Den Fehlbetrag müte man also wesentlich niedriger ansetzen Meine Damen und Herren lassen Sie mich nun ein paar Sätze zu der Zweckbindung sagen Mit dem Wandel im Bundesfinanzministerium ist auch eine Veränderung in der,1.726047,Quota Exceeded
7907,1950,Ich glaube nicht da man mit diesen Methoden eine positive Regelung erreichen kann Uns ist der Hinweis auf den Art 24 ein politischer Fingerzeig Es liegt damit von seiten der Bundesregierung oder des Herrn Bundeskanzlers die Absicht vor mit jeder Mehrheit die Regelung dieser Frage in seinem Sinne zu erzwingen gleichgültig ob die Verfassung dabei zu Schaden kommt oder nicht 113 Das meine Damen und Herren ist eine Frage die wir im deutschen Volke zur Diskussion stellen werden 114 Mit dieser Methode meine Damen und Herren erregen Sie doch mit aller Gewalt im Volke den Eindruck da es stumm gemacht und nicht befragt werden soll 115 Mit dieser Methode ohne diese Achtung der Verfassung gehen Sie doch den Weg zum autoritären die Demokratie negierenden Staat 116 Mein Gott Seien Sie meines vollen Mitleides bewut 117 Wenn der Bundestag diese Frage entscheiden wollte dann müten wir ihm die Legitimation zur Entscheidung,-0.32534027,Quota Exceeded
51013,1957,Angehörigen unseres Volkes zu erhalten und zu pflegen sowie zu verhindern da der leider bereits eingetretene Substanzverlust und das zweifellos feststellbare Absinken der soziologischen Struktur dieser Volksteile noch gröere Ausmae annehmen Dies wird nur zu erreichen sein wenn die Bundesregierung alle Möglichkeiten einer raschen und ausreichenden Vorfinanzierung ausschöpft und es in dieser Richtung nicht an Energie Nachdruck und ständigem Bemühen fehlen lät 8,1.433836,Quota Exceeded
42784,1956,Quote festzulegen und auf ihr die Mittelverteilung aufzubauen sind wir zu unserem Bedauern nicht in der Lage Ihrem Antrag zuzustimmen und ich mu deshalb beantragen da der Antrag der SPD abgelehnt wird Und wenn Sie Frau Kollegin Heise nun wollen da namentlich darüber abgestimmt wird so kann ich Ihnen sagen da wir durchaus bereit sind diese namentliche Abstimmung mitzumachen 11 gerade im Hinblick auf den unglücklichen Schlusatz in Abs 1 Ihres Antrags 12,-3.720867,Quota Exceeded
3735,1950,was ich zu dem Inhalt des uns vorgelegten Haushaltsplans zu sagen habe Sie brauchen aber noch nicht zur Abstimmung zu klingeln Herr Präsident denn ich habe noch weitere Ausführungen zu machen Diese befassen sich nicht mit dem was im Haushaltsplan steht sondern mit der Politik des Herrn Bundesjustizministers bzw der Bundesregierung Zu dem Abänderungsantrag des Herrn Kollegen Dr Leuchtgens möchte ich nichts weiter erwähnen Ich glaube da dazu bereits bei der Behandlung des Haushaltsplans des Bundesministeriums des Innern das gesagt worden ist was auch hier bei dem vorliegenden Haushaltsplan zu sagen wäre Meine Damen und Herren die Ausführungen die ich zu dem Haushaltsplan ganz allgemein zu machen habe sind die folgenden Ich möchte für das Bundesministerium der Justiz das gleiche sagen was mein Kollege Erler heute bereits für das Bundesministerium des Innern gesagt hat als er den Ausspruch des früheren Reichsjustizministers Erich KochWeser zitierte da es sich bei dem Ministerium,-2.3427958,Quota Exceeded
21253,1952,folgendes ausgeführt Der Sozialismus ist eine Auffassung eine Konstruktion der Wirtschaft wie es der Kapitalismus gewesen ist Ich sage ausdrücklich gewesen ist Wir in der CDU stehen auf dem Standpunkt da die kapitalistische Wirtschaftsform der Vergangenheit angehört 0 Wir haben eine ganz andere Weltanschauung die uns trägt und die uns befähigt auch das wirtschaftliche Leben unseres Volkes zu gestalten wie es nötig ist im Hinblick auf den Menschen der der Mittelpunkt der Wirtschaft ist und bleiben mu 1 Ich freue mich darüber Herr Wuermeling 2 das auch heute noch von Ihnen anerkannt zu hören Dann darf ich wohl hoffen da Sie den in Abs 1 des 76 niedergelegten Paritätsvorstellungen Gehör zu schenken bereit sind 3 Ich darf um damit das Bild abzurunden nochmals um die Erlaubnis des Herrn Präsidenten bitten damit auch die FDP gebührend zu Worte kommt diejenigen Ausführungen zu verlesen die der Herr Vizekanzler Blücher auf dem Zweiten,-1.7937725,Quota Exceeded
31128,1954,haben ohne was hier ja eigentlich selbstverständlich sein müte zugleich auch die finanziellen Mittel für die Durchführung der Aufgaben zu gewähren Ich brauche nur auf einige Gesetze hinzuweisen auf das Gesetz nach Art 131 das Lastenausgleichsgesetz das Investitionshilfegesetz mit sehr starken Auswirkungen gerade in den Finanzsektor der Gemeinden hinein Dahin gehört auch das Problem der Umsatzsteuererhöhung für die Gemeinden das heute schon angesprochen worden ist Wir sind der Meinung da es die Aufgabe des Gesetzgebers ist dafür zu sorgen da den Ge0 meinden die finanzielle Voraussetzung für die Durchführung ihrer Aufgaben geschaffen wird 1 Das scheint mir Aufgabe des Bundes zu sein Die gerade jetzt anstehenden Beratungen zur Finanzverfassung bieten eine willkommene Gelegenheit dazu ja sie bieten sich geradezu an dieses Problem mit zu lösen Ich möchte deswegen noch einmal ganz kurz die besonderen Anliegen der kommunalen Selbstverwaltung aufzeigen Da ist zunächst einmal die Sicherstellung da die Realsteuern den Gemeinden,-1.3920921,Quota Exceeded
64208,1959,Herr Seuffert sind Sie nicht mit mir der Auffassung da die Rücklagen die hier in Rede stehen doch alle bereits mit 50 zum Teil mit 60 Körperschaftsteuer belastet sind da es hier also gar nicht mehr um Rücklagen geht die Sie noch etwa mit einem gespaltenen Körperschaftsteuersatz ausschütten könnten,-1.6203724,Quota Exceeded
55617,1958,Geschichte dieser Zeit Für die Aufgabe der Positionen die auf der HaDr Schmid 21 benSeite zu ihren Gunsten stehen werden sie etwas heraushaben wollen und für den Ausgleich der Positionen die auf der SollSeite stehen werden sie vielleicht bereit sein etwas zu geben Das ist die Formel im Abstrakten Die Frage ist wie man sie konkretisiert Ich will versuchen auch darüber zu sprechen Ich bin nicht gewohnt nur in Abstraktionen zu denken ich denke am allgemeinen recht konkret Das gehört u a auch zu meinem Beruf und ich habe diesen Beruf wie Sie wissen ja nicht aufgegeben obwohl ich ins Parlament gegangen bin 22 Do ut des Wo man nicht zwingen kann mu man bereit sein Gegenleistungen zu machen eine ganz einfache Binsenwahrheit Dabei mu man gelegentlich auch an die Frage des Zeitpunktes denken Da fallen einem manchmal so alte Geschichten ein Frau Kollegin Weber Sie haben sie sicher auch,-1.4215705,Quota Exceeded
5823,1950,Nach 7 ist ein Mitglied des Richterwahlausschusses nur dann von der Mitwirkung bei der Wahl eines Richters ausgeschlossen wenn die Voraussetzungen des 41 Nr 3 der Zivilprozeordnung vorliegen d h wenn er mit der zu wählenden Person in gerader Linie verwandt verschwägert oder durch Adoption verbunden in der Seitenlinie bis zum dritten Grade verwandt oder bis zum zweiten Grade verschwägert ist auch wenn die Ehe durch welche die Schwägerschaft begründet worden ist nicht mehr besteht Der Rechtsausschu hat sich dafür entschieden nur diesen gesetzlichen Ausschlieungsgrund bestehen zu lassen eine Ablehnung wegen der Besorgnis der Befangenheit aber mit Rücksicht auf den Charakter des Richterwahlausschusses nicht zuzulassen Der gesetzliche Ausschlugrund bezieht sich auf die Mitglieder kraft Wahl und auf die Mitglieder kraft Amtes gleichermaen nicht aber auf den vorsitzenden Bundesminister der ja kein Stimmrecht im Richterwahlausschu hat Hierbei wurde geprüft ob die Ausdehnung des Ausschlugrundes gemä 41 Nr 3 der Zivilprozeordnung verfassungsrechtlich,-1.3825905,Quota Exceeded
40713,1955,auf die Industrie umlegen Meine Damen und Herren wer die Verhandlungen mitgemacht hat die wir zu Beginn der Erörterungen über das Kindergeldgesetz mit der Industrie geführt haben wird wissen wie schwer es gewesen ist dieses auf Selbstverwaltung aufgebaute Gesetz so zu gestalten da sich die Industrie bereit erklärt hat zwei Drittel der Aufkommenssumme für die Landwirtschaft zu tragen Sicher ist es richtig ich betone das und habe das auch damals betont da die hier unterstützten Familien letzten Endes den Arbeitskraftnachwuchs für die Industrie bringen 7 und insofern ist es auch berechtigt da von der Industrie dieses Opfer gebracht wird Um aber überhaupt auf der Basis der sogenannten Konzeption dieses Gesetzes als Selbständige dabeizusein 8 haben wir es uns damals von seiten der Landwirtschaft wohl überlegt dieses Opfer auf uns zu nehmen Sollte es sich herausstellen da für die Klein und Kleinstbetriebe der Landwirtschaft die im Schnitt sagen wir einmal 3,-2.1724067,Quota Exceeded
21910,1952,Gebiete eine vorbildliche Lösung gefunden hat Deshalb richte ich die Bitte an unser Bundesarbeitsministerium durch geeignete Manahmen auf die einzelnen Landesversicherungsanstalten einzuwirken Sie mögen stillhalten und sich bis zur Verabschiedung dieses Gesetzes loyal verhalten Die zuständigen Ausschüsse bitte ich diesen Gesetzentwurf möglichst bald zu verabschieden damit in unserem Handwerk Beruhigung eintreten kann Ich schlage vor wie schon geschehen diesen Gesetzentwurf dem sozialpolitischen Ausschu als federführendem Ausschu und dem Ausschu für Wirtschaftspolitik zur Mitberatung zu überweisen 5,-1.548245,Quota Exceeded
47261,1956,Zu dem Antrag der SPDFraktion und der Begründung des Kollegen Bergmann habe ich mich wegen der Grundsätzlichkeit des Problems zu Wort gemeldet Der Herr Kollege Sabel hat schon mit Recht darauf hingewiesen da man bei der Beratung dieses Gesetzes und bei dem Antrag nicht nur davon ausgehen kann da es sich um die Arbeitslosenversicherung also eine Versicherung auf der Grundlage der Äquivalenz von Beiträgen und Leistungen handelt Wenn das allein der Fall wäre würde ich den Ausführungen des Kollegen Bergmann uneingeschränkt zustimmen Da wir aber leider auch bei diesem Gesetz keine Reform an Haupt und Gliedern bekommen sondern weiter ein Gesetz behalten das zum Teil Versicherungs und zum Teil Versorgungsaufgaben auf Kosten des Staates enthält darüber hinaus aber auch Aufgaben wie um nur ein Wort zu sagen die Anwerbung von Arbeitskräften im Ausland und deren Arbeitsvermittlung erscheint es mir doch notwendig die Kollegen von der Sozialdemokratischen Partei darauf hinzuweisen da,-1.4331613,Quota Exceeded
10349,1951,in seinem Hause in seinem Referat doch abgemacht worden es sei doch toll da man jetzt bei dieser erhöhten Umsatzsteuer von 4 die Groindustrie und die Grokonzerne so einseitig begünstige und die selbständige Wirtschaft zwei und mehrmal Umsatzsteuer zahlen lasse die man den Grokonzernen nunmehr auf Grund dieses Schachtelprivilegs erlassen wolle hat der Bundeswirtschaftsminister erklären müssen davon wisse er gar nichts das sei zwar in seinem Hause geschehen aber er wisse nichts davon 7 Ein weiteres Beispiel dieser Art das beweist da hier nicht alles beim rechten ist und da dem Wirtschaftsminister die Zügel aus der Hand geglitten sind Wir haben im Bundestag einstimmig beschlossen da die Tabaksteuer gesenkt werden solle Das Bundeswirtschaftsministerium hat dann die Antwort bearbeitet die dem Finanzausschu 8 zugegangen ist und die die Unterschrift des Vizekanzlers trägt Darin ist dem Bundestag bzw dem Finanzausschu mitgeteilt worden die Ermäigung der Tabaksteuer komme nicht in Frage Jetzt hören,-1.6976459,Quota Exceeded
16306,1951,Titel und der Rest des Risikos dem Sondervermögen verbleiben würden Da es auerdem ganz ungewöhnlich ist ja geradezu zu Mitrauen Anla gibt wenn sich die sogenannten freiwilligen Aufbringungspflichtigen um Titel bewerben um Gegenleistungen für einen Kredit wie sie bei einem Bankkredit und selbst bei dem gefördertsten Bankkredit heute nicht üblich sind das möchte ich nur am Rande bemerken Denjenigen die sich mit den Dingen näher beschäftigt haben ist auch sehr wohl bekannt da z B der Verwaltungsrat der Kreditanstalt für Wiederaufbau die jetzt vorgesehene Begebungsweise als schwierig zeitraubend und kreditmarktpolitisch äuerst bedenklich bezeichnet und aus diesem Grunde abgelehnt hat Das ist das Votum desjenigen Instituts das in Finanzierungen von öffentlichem Interesse wohl die gröte Erfahrung hat und auch auf eine wirklich erfolgreiche wenig kritisierte Arbeit zurückblicken kann Hinzu kommt das worauf auch die Kreditanstalt aufmerksam gemacht hat da es sich hier ja um langfristige Emissionen handelt und da es unmöglich,-1.409585,Quota Exceeded
28882,1953,sich hier nur um eine Klarstellung der Zuständigkeitsfrage Der Bundesrat wünscht da auch Satz 3 bestehenbleibt damit nach 77 des Reichsjugendwohlfahrtsgesetzes jeder Landesregierung überlassen bleibt nicht nur zu bestimmen welche Behörde die im Gesetz der obersten Landesbehörde übertragenen Aufgaben wahrzunehmen hat sondern auch welcher Behörde die dem Landesjugendamt zukommenden Aufgaben obliegen sollen Der Vermittlungsausschu hat anerkannt da die Entwicklung in einzelnen Ländern unterschiedlich war Er glaubt aber hier den Ländern bei der Festsetzung der Zuständigkeiten eine Freizügigkeit belassen zu sollen Deshalb soll auch Satz 3 des Einführungsgesetzes zu Art 8 erhalten bleiben Als letzten Punkt hatte der Vermittlungsausschu über den Antrag des Bundesrates auf Aufnahme eines neuen Art III a der die StadtstaatenKlausel behandelt zu befinden Durch diese StadtstaatenKlausel soll sichergestellt werden da in den drei Stadtstaaten Bremen Hamburg und Berlin die Vorschriften dieser Novelle mit den Verfassungen der Stadtstaaten in Einklang gebracht werden Das Für und Wider hinsichtlich der,-2.270459,Quota Exceeded
7589,1950,Ich darf doch den Antrag auf Ablehnung des Antrags auf Überweisung sachlich begründen,-7.1499534,Quota Exceeded
13246,1951,Ich beantrage auch über die Buchstaben b und c getrennt abzustimmen,-6.8479238,Quota Exceeded
24433,1953,Ich beantrage zum Antrag Dr Horlacher getrennte Abstimmung über Satz 1 und Satz 2,-6.77336,Quota Exceeded
29780,1954,Entschuldigen Sie bitte Wir haben doch auch das Recht einmal etwas zu sagen,-7.4600544,Quota Exceeded
30916,1954,Wir bitten um absatzweise Abstimmung Ich darf zum ersten Absatz ums Wort bitten,-8.429101,Quota Exceeded
32115,1954,Ich beantrage das auch dem Ernährungsausschu als mitberatendem Ausschu zu überweisen,-6.6891627,Quota Exceeded
35315,1955,Keine Zusatzfrage Ich werde mich schriftlich an das Auswärtige Amt wenden,-7.5665236,Quota Exceeded
39829,1955,Es kommt ja darauf an da es in den Akten ist,-6.5506735,Quota Exceeded
44060,1956,Ich mu das im Zusammenhang damit tun weil sich die Zielsetzung des Antrags mit dem SPDAntrag überlagert,-7.418558,Quota Exceeded
52958,1957,Ich beantrage zu Ziffer 7 Umdruck 1113 Buchstabe b namentliche Abstimmung,-7.2348413,Quota Exceeded
33337,1954,Herr Staatssekretär sehen Sie eine Möglichkeit diesem Personenkreis auf andere Weise irgendwie zu helfen,4.3176594,Quota Exceeded
56801,1958,Herr Dr Gerstenmaier würden Sie in der Lage sein Dinge zu zitieren die von mir selbst herrühren Auf Aussagen von Herrn Dr Eberhard Müller sich zu berufen lehne ich ab 0,3.7144923,Quota Exceeded
22519,1952,Herr Präsident Meine Damen und Herren Gestatten Sie mir eine persönliche Bemerkung,6.074303,Quota Exceeded
63064,1959,Herr Bundesfinanzminister ich wollte fragen Sind Sie der federführende Minister für die Kriegsopferversorgung geworden 0,4.2787733,Quota Exceeded
56445,1958,Herr Maier an Ihrer Rede hätte uns ein Punkt heute besonders interessiert,5.772004,Quota Exceeded
41925,1956,Herr Minister Strau hatten Sie das Einverständnis des Herrn Bundesauenministers als Sie jene Äuerungen in Erlangen taten 0,3.9091516,Quota Exceeded
50068,1957,Herr Präsident Meine Damen und Herren Nachdem in einer Besprechung mit dem Herrn Referenten 0,5.07647,Quota Exceeded
45273,1956,Ich habe nur eine Frage an den Herrn Minister gestellt Wenn er diese Frage nicht verstehen kann mu ich sie ihm noch einmal erläutern Wir Berliner sprechen sonst sehr deutlich 0,4.315249,Quota Exceeded
45276,1956,Der Herr Minister erklärte jetzt mu ich ihm seine eigene Erklärung wiederholen da wenn Repressalien an den Verwandten der jungen Menschen die eingezogen würden ergriffen würden dies nur das System dort drüben bestätige Ich frage den Herrn Minister ob er um dieser Bestätigung willen es vor seinem Gewissen verantworten kann da Tausende von Menschen drüben unter Repressalien genommen werden 0,3.9888415,Quota Exceeded
57629,1958,Sprachen Sie von öffentlichen Unternehmen in den Vereinigten Staaten oder meinen Sie die public utilitiesUnternehmungen,4.024314,Quota Exceeded
54303,1957,Der Kühlschrank konnte von der Produktion so billig verkauft werden weil sie sich unter Ausnützung der Prinzipien der freien Konkurrenz für die Sie hier eintreten als Groabnehmer von der Herstellerfirma einen Treue und Mengenrabatt von 40 verschafft hatte 0,3.8076954,Quota Exceeded
55117,1957,Herr Abgeordneter Deist Sie würden mir eine groe Freude bereiten wenn Sie uns Ihren Informanten mitteilten Ich kann Ihnen nur feierlich versichern da ich nie eine so unsinnige Äuerung getan habe,4.2445617,Quota Exceeded
3756,1950,Meine Damen und Herren Heute morgen erlebten wir die ganze Würdelosigkeit dieser Regierung 0,3.7885346,Quota Exceeded
138333,1967,Herr Staatssekretär können Sie uns Aufschlu darüber geben welche Projekte eingestellt werden müten wenn es nicht gelänge die Finanzierung sicherzustellen,1.7813406,Quota Exceeded
129175,1966,Herr Staatssekretär teilt die Bundesregierung die Auffassung der kommunalen Spitzenverbände da es richtig ist die Wahl der Form der Vorsorge in einem Fall zu begünstigen und im anderen Fall durch Versagung eines entsprechenden Arbeitgeberzuschusses zu beeinflussen,-0.6661361,Quota Exceeded
149357,1967,Herr Präsident Meine sehr verehrten Damen und Herren Die Diskussion über die Verteidigungskonzeption der NATO die ab 1955 auf der Doktrin der massiven Vergeltung basierte ist nicht neuen Datums Sie hat bei der Konzeption unserer Bundeswehr die nach dieser Doktrin der massiven Vergeltung aufgebaut wurde eine erhebliche Rolle gespielt Die Diskussion in der Offentlichkeit bei den Militärfachleuten weniger hier im Hause oder innerhalb der Bundesregierung wurde dadurch in Gang gesetzt da sich die atomare Überlegenheit der Vereinigten Staaten auf die diese Konzeption ja abgestellt war verringerte und sich in der Folgezeit ein atomares Gleichgewicht zwischen den beiden Blöcken in der Welt dem West und dem Ostblock zeigte Diese Entwicklung in der Welt hat auch nicht vor der Konstruktion der NATO halt gemacht Sie führte schlielich zum Ausscheiden Frankreichs aus der Integration und zu seiner Hinwendung zur nationalen Verteidigung Die militärischen Gewichte wie sie seit 1955 bestanden haben sich nachhaltig zuungunsten,-0.09719872,Quota Exceeded
105586,1964,5 Es ist bekannt da es dabei nicht nur um die Energiekosten allein geht sondern da die Energiekosten in die Herstellungskosten aller Produkte eingehen Sie wissen wie die verschiedenen Produktionszweige am Energiekostenfaktor beteiligt sind 6 Ich möchte mit besonderem Nachdruck noch einmal auf die Verstromung der Kohle hinweisen 7 Die Kohle wie auch das Öl werden in bestimmtem Ausma als Grundstoffe benötigt Das Öl wird sehr viel als Treibstoff für unseren Verkehr für die Arbeitsmaschinen usw verwendet Zur Deckung des Bedarfs des Gewerbes und der Industrie bis in die letzte Verästelung beim Verbraucher und in den Haushalten hinein wird der elektrische Strom in Zukunft in zunehmendem Umfang die moderne Energie der Zukunft sein müssen Auch ich bin der Auffassung da wir wenn wir auf die Verwendung der elektrischen Energie bis in die letzte Verästelung beim Verbraucher hinein hinarbeiten damit auch die sicherste Investitionspolitik in unserer gesamten Volkswirtschaft treiben Dann wird,0.037343204,Quota Exceeded
168040,1969,Herr Staatssekretär können Sie uns sagen wie gro der Überstundenanfall insgesamt ungefähr ist der nicht auszugleichen ist Börner Parlamentarischer Staatssekretär beim Bundesminister für Verkehr Das kann ich Ihnen nicht beantworten weil uns die Deutsche Bundesbahn darüber noch nichts mitgeteilt hat Ich bin aber gern bereit Ihnen diese Frage schriftlich zu beantworten Präsident von Hassel Keine weitere Zusatzfrage Ich rufe dann die Frage 32 des Abgeordneten Ramms auf Woran liegt es da z B das VWWerk amerikanische Universitätskliniken finanziell unterstützen mu um auf diese Weise zu konkreten Ergebnissen in der Unfallforschung zu kommen Ist der Abgeordnete im Saal Jawohl Bitte schön zur Beantwortung Herr Staatssekretär Börner Parlamentarischer Staatssekretär beim Bundesminister für Verkehr Herr Präsident ich bitte die beiden Fragen ebenfalls wegen des Sachzusammenhangs gemeinsam beantworten zu dürfen wenn Herr Kollege Ramms einverstanden ist Präsident von Hassel Keine Bedenken ich bitte die beiden Fragen zusammen zu beantworten Deshalb rufe ich auch die,-0.39376426,Quota Exceeded
136191,1967,Herr Staatssekretär darf ich fragen wieso 11 Teilnehmer ihren Aufenthalt selbst finanziert haben Haben die auch die Flugkosten bezahlt Oder in welcher Form konnten überhaupt 11 Teilnehmer von Hase Staatssekretär Bundespressechef Ich darf wiederholen Herr Abgeordneter da es sich um die Finanzierung des Aufenthalts und nicht um die Finanzierung der Flugkosten handelt die wie gesagt beim Bund nicht in spezieller Weise aufgelaufen sind wie ich eben dargelegt habe Bei diesen 11 Teilnehmern handelt es sich um Mitglieder der Presse und um Mitglieder der AfrikaGesellschaft die ihre volle Unabhängigkeit wahren wollten,-0.85605824,Quota Exceeded
142089,1967,Vielen Dank Herr Präsident Meine Herren und Damen die Gesetzesfassung macht die Begünstigung davon abhängig da der Unternehmer in dem Jahr der Begünstigung oder im folgenden Jahr Einkommensteuer zu zahlen hat Das bedeutet da er in diesen Jahren Gewinne gemacht haben mu Nun ist es an sich eine altbekannte Tatsache da in Zeiten wirtschaftlicher Rezession auch rote Zahlen in der Wirtschaft vorkommen Ja es ist geradezu ein Zeichen einer freien Wirtschaft da sie mit Risiko arbeitet Dieses Risiko bedeutet da man in schweren Zeiten auch Verluste einstecken mu Wer also die freie Marktwirtschaft will die Regierung hat sich dazu bekannt mu auch die Gegebenheiten und die Bedingungen anerkennen unter denen eine freie Marktwirtschaft arbeitet d h sie mu bei ihren Manahmen auch die Möglichkeit des Verlustrisikos ernst nehmen Siehe Anlage 2 Siehe Anlage 4 Wenn wir nun alle diejenigen die in schlechten Jahren in die Verlustzone kommen und daher im,-0.09286064,Quota Exceeded
75576,1961,dieser Kampf ausgeht ist von vornherein bestimmt Wenn man jetzt aber dem Beinamputierten vorwirft da er nicht mitgekommen sei obwohl er das gleiche Startloch benutzen durfte dann scheint mir diese Kritik bei Gott nicht ehrlich zu sein Wenn Sie so weiter argumentieren wollen dann brauchen wir uns wirklich nicht weiter zu unterhalten Es kommt noch folgendes hinzu Gerade die Kriegssachgeschädigten haben 1948 in der DMarkEröffnungsbilanz vielfach höhere Wertansätze wählen müssen obwohl ihnen klar war da sie in den folgenden Jahren die Abschreibungsquoten nie verdienen konnten Sie haben sie auch nie verdient Sie waren einem ganz anderen Grunde dazu genötigt wenngleich keine gesetzliche Vorschrift sie dazu zwang Die Kriegssachgeschädigten muten nämlich wiederaufbauen Sie muten ihre Betriebe fortführen und versuchen wieder Boden unter den Füen zu bekommen Dazu brauchten sie Kredite Um Kredite zu bekommen muten sie zu den Banken gehen Um von den Banken Geld zu bekommen mute man kreditwürdig sein,-0.049761236,Quota Exceeded
126050,1966,Es gibt dafür nur zwei Auslegungsmöglichkeiten Entweder gehen Sie das will ich nicht unterstellen mit der Verschlusachenverordnung anders um als andere oder aber man hat in bezug auf die Geheimhaltungsnotwendigkeit seinerzeit dem Ausschu etwas vorgemacht Ich halte das letztere für das Wahrscheinlichere Da ich davon spreche da dem Ausschu etwas vorgemacht wurde ich war nur eineinhalb Sitzungen anwesend das mu ich bekennen 7 Das ist mein Vorzug ich kann nicht in die Gefahr geraten Geheimnisse auszuplaudern meine Damen und Herren 8 Ich habe die offen verteilten Protokolle und die offen verteilten Schriftstücke gelesen Das allein reicht aus um zu diesem Urteil zu kommen Ich habe den Bericht des Herrn Kollegen Draeger gelesen nicht nur den mündlichen heute morgen gehört sondern den schriftlichen gelesen Das reicht sehr weitgehend zum Urteil aus Aber ich erinnere mich da in der Sitzung an der ich teilnahm der Kollege Schultz von der FDP er war,-0.91904527,Quota Exceeded
148034,1967,an einen Verkauf überhaupt nicht mehr zu denken Von welcher Seite man auch immer die Sache ansieht es ist einfach ein Gebot der praktischen Vernunft nichts unversucht zu lassen um die Überschüsse im Gemeinsamen Markt so gering wie möglich zu halten Aus der Antwort des Herrn Ernährungsministers auf die Groe Anfrage könnte man den Eindruck gewinnen da die Bundesregierung einen weiteren Druck auf die Preise als Ultima ratio ansieht 18 Es wird dort erklärt man müsse mit einer beschleunigten Zunahme der Molkereianlieferung rechnen und dann heit es weiter Um einer aus dieser Entwicklung entstehenden Tendenz von Überschüssen bei Butter und Magermilchpulver und einer dadurch bedingten Kostensteigerung in der EWG entgegenzuwirken wird das Preissystem geringere Erlöse für diese Erzeugnisse vorsehen müssen So weit das Zitat Man mu nicht unbedingt ein Experte in Milchfragen sein um beurteilen zu können da das darauf hinausläuft alle Erzeugererlöse im Bereich der Milch zu reduzieren Meine,0.58185613,Quota Exceeded
104863,1964,Herr Präsident Meine Herren und Damen Wenn ich eines in diesen anderthalb Jahren die ich dem Hohen Hause angehören durfte gelernt habe dann sicher da es untunlich ist sich bei solchen speziellen Fragen in der ersten Lesung zu differenziert zu äuern wenn man die Aufmerksamkeit der geduldigen Kollegen nicht zu sehr strapazieren will um so mehr als diese differenzierten Ausführungen meiner Ansicht nach im Ausschu sehr viel angebrachter sind Wir sollten vielmehr über die Grundsätzlichkeit auch eines solchen Gesetzentwurfs der so sehr speziell ist diskutieren und durchaus nicht vergessen da auch er sein politisches Gewicht hat Dieser Gesetzentwurf hat nämlich nicht nur einen gesundheitspolitischen sondern auch einen hohen bildungspolitischen Aspekt Es ist zur Zeit eine dankbarere Aufgabe über die Bildungsmisere zu diskutieren als nur über gesundheitspolitische Fragen Leider ist das so Aber hier sind wir in der Situation da diese beiden Aspekte sich begegnen und wir können das nicht genug,0.26873565,Quota Exceeded
86225,1962,Zugangsrenten seit 1959 eine fallende Tendenz haben und da auch die in diesem Gesetz in einer neuen Höhe festgelegten Höchstrenten nur in sehr seltenen Fällen erreicht werden Ich glaube die ganze Frage müte aber noch durchgesprochen werden wenn wir uns mit dem Sozialbericht und mit der Versicherungstechnischen Bilanz zu beschäftigen haben Ich könnte Ihnen auch noch nachweisen da nicht wie es ursprünglich in den Absichten und Vorschlägen des Sozialkabinetts enthalten war 60 der Rente eines Durchschnittslebens eines arbeitenden Menschen erreicht werden sondern da dieser Durchschnitt von Jahr zu Jahr sinkt Das liegt einfach in der Rentenformel und in der laufenden Entwertung der Beiträge durch das Ansteigen der allgemeinen Rentenbemessungsgrundlage begründet Heute sind wir bereits wenn ich einen Rentner mit 100 Durchschnitt seiner Rentenbemessungsgrundlage als Beispiel nehme das ist auf groen Gewerkschaftstagungen exakt bewiesen bei 45 angelangt 5 Das ist eine Erscheinung die in keiner Form dem drauen hörbaren Pessimismus entspricht,0.2545929,Quota Exceeded
140341,1967,Herr Bundesmininister glauben Sie nicht da man durch eine solche Stelle erreichen könnte da gerade in der Übergangszeit die für das neue Gesetz geschaffen werden mu die Studenten und die Anwärter für das Pharmaziestudium besser über ihre nächsten Jahre disponieren könnten,0.62189853,Quota Exceeded
147032,1967,eines Toten zu Lasten eines wie dieses Haus einmal in seiner Gesamtheit festgestellt hat groen Toten unseres Volkes zu Lasten unseres ersten Bundeskanzlers Dr Konrad Adenauer Hier haben diese beiden Redner Zuflucht zu einer Legende Zuflucht zu einer Geschichtsklitterung genommen Als die Saarfrage damals zur Diskussion stand gab es doch eine bestimmte Ausgangsposition Ich habe bei beiden Diskussionsbeiträgen den Eindruck gehabt da diese Ausgangsposition verschwiegen wurde Die damalige Ausgangsposition war da die Saar wirtschaftlich voll und politisch beinahe ganz zu Frankreich gehörte Wenn wir heute feststellen da die Saar wieder ein Teil der Bundesrepublik ist dann ist es ganz einfach richtig zu sagen da der Weg von dieser Ausgangsposition zur jetzigen Situation nur dadurch möglich wurde da das Volk an der Saar abstimmen konnte 1 Es ging damals darum einen Weg zu finden der unter den seinerzeitigen Voraussetzungen eine Abstimmung an der Saar möglich machte 2 Dies war nicht anders,-2.1771996,Quota Exceeded
158892,1968,Das habe ich zu Beginn gesagt Ich glaube Sie haben es nicht mitgehört,-5.123201,Quota Exceeded
76702,1961,Bitte sprechen Sie den Satz erst zu Ende ich möchte Sie nicht mitten im Satz unterbrechen,-2.89689,Quota Exceeded
94895,1963,beim Spiegelredakteur Schmelz gefunden wurde 0 Auch diese Photokopie wurde wie das Protokoll der 14 Sitzung von einer Ausfertigung erstellt die dem Abgeordneten Merten laut Quittung ausgehändigt worden war Der Ausschu für Wahlprüfung Immunität und Geschäftsordnung hat sich in mehreren Sitzungen mit dem Ersuchen des Generalbundesanwalts befat Er kam nach Übersendung der Akten und des Gutachtens des Bundeskriminalamtes vom 29 November 1963 einstimmig zu dem Ergebnis dem Bundestag den in der Drucksache IV1723 enthaltenen Antrag zur Annahme zu empfehlen In dem Gutachten des Bundeskriminalamtes wurde entgegen bisheriger Auffassung festgestellt da die beiden Photokopien mit verschiedenen Vervielfältigungsgeräten und auch verschiedenen Papieren hergestellt wurden Das Ersuchen des Generalbundesanwalts die Genehmigung zur Durchführung eines Strafverfahrens gegen den Abgeordneten Jahn auch bezüglich des Vorgangs um das Protokoll der 19 Sitzung des Ausschusses für Verteidigung zu erteilen wurde daher mit Mehrheit im Immunitätsausschu abgelehnt Diese Mehrheit lie sich dabei von der Auffassung leiten da auf Grund der bisherigen Feststellungen der Verdacht einer strafbaren Handlung des Abgeordneten Jahn im Zusammenhang mit dem Protokoll der 19 Sitzung des Verteidigungsausschusses nicht begründet ist Ich bitte Sie dem Ihnen zugeleiteten Antrag auf Drucksache IV1723 Ihre Zustimmung zu erteilen,-1.8795533,Quota Exceeded
174338,1969,Ja sicher Aber man zieht sicher nicht nach München wenn dort eine schlechte Kommunalpolitik gemacht wird wenn es einem dort wesentlich schlechter geht 0,-1.6334009,Quota Exceeded
116274,1965,Herr Bundesminister ist Ihnen nicht bekannt da dieses Haus im Rahmen des Berichts die zukünftige Planung für neue und Erweiterungsvorhaben angefordert hat und da dieser Teil des Berichts nach Auskunft der zuständigen Sprecher des Auswärtigen Amts in dem dafür zuständigen Ausschu nicht erstattet werden konnte weil der Finanzminister Widerspruch dagegen erhoben hat,-1.7408125,Quota Exceeded
104800,1964,Zu meiner dritten und letzten Frage darf ich die Zusatzfrage stellen Herr Minister ob bei den gesamten Plänen der Zusammenlegung mit München berücksichtigt ist da die Bundesbahndirektion München bei einem Anschlu Augsburgs zu einer sogenannten Mammutdirektion werden würde und im Verhältnis zu allen anderen bayrischen Bundesbahndirektionen sowohl in bezug auf Gleislänge als auch in bezug auf Personal mit Abstand am höchsten besetzt wäre,-1.7721214,Quota Exceeded
119936,1965,Ergebnis ist da die Gemeinden zwar mehr Mittel haben um Wege und Straen zu bauen da aber heute für den Staatsstraenbau im Lande Bayern nicht mehr die Mittel zur Verfügung stehen die erforderlich sind weil auch der Kultushaushalt auf Grund der Überlegungen und Gegebenheiten die wir heute schon erwähnt haben einen übermäig hohen Anteil am Gesamthaushalt und eine überproportionale Zuwachsrate für sich in Anspruch nimmt Das führt aber dazu da wir uns heute nicht gegenseitig beschuldigen sollten die haben es falsch gemacht jene haben es falsch gemacht die haben zuviel versprochen es stimmt auf allen Seiten intra muros extra muros Wir kommen um die eiserne Konsequenz nicht herum da Prioritäten gesetzt werden müssen Dabei möchte ich eine Priorität so ausdrücken Herr Kollege Schmid da der Schwerpunkt des Ausgabenzuwachses auf Zukunftsinvestitionen und nicht auf Förderung des Gegenwartskonsums gelegt werden mu 75 Es wäre töricht zu sagen wir sollten den Schwerpunkt der,-1.7947268,Quota Exceeded
81591,1962,Meine Damen und Herren nur einige wenige Sätze dazu Wir sind mit diesem Antrag einverstanden Ich darf nur darauf aufmerksam machen da die CDUFraktion einen gleichen Antrag bereits zum Grünen Plan eingebracht hatte Der wurde im Ernährungsausschu einstimmig angenommen im Haushaltsausschu für erledigt erklärt und jetzt taucht er wieder auf Es scheint also eine schlechte Koordinierung in Ihrer Fraktion zu sein denn sonst wäre eine solche Antragstellung nicht notwendig Mit der Annahme dieses Antrags kann natürlich das Problem der Hofkredite noch nicht erledigt sein Wir brauchen eine Flurbereinigung für das ganze Problem und ich darf nur darauf aufmerksam machen da damit nicht das Ganze abgetan ist Wir kommen im Herbst darauf zurück,-1.426599,Quota Exceeded
135157,1966,der Sozialpolitik auf diesem Gebiet die wir CDU SPD und FDP im Jahre 1963 gemeinsam festgelegt haben aus einem solchen Grunde wie er heute zur Debatte steht um 180 Grad herumgeworfen werden soll Besonders die Damen und Heren der SPD möchte ich darauf hinweisen da Herr Kollege Dr Möller am 10 11 also nicht etwa am 11 11 die äuersten Bedenken der Fraktion der Sozialdemokratischen Partei in kurzen aber sehr treffenden Sätzen zum Ausdruck gebracht hat Ich darf bitten da die SPD heute zu dem steht was sie hierzu in der Haushaltsdebatte am 10 11 durch ihren Sprecher ausführte 5,-1.9485235,Quota Exceeded
172250,1969,beruflichen Bildung im Arbeitsförderungsgesetz geht das Gesetz von dem Grundsatz aus da eine gute Bildung die beste Investition für die soziale Sicherheit bedeutet Es berücksichtigt darüber hinaus den steigenden Bedarf der Gesellschaft nach gut ausgebildeten Menschen und es wird dem Anspruch des einzelnen auf die volle Entfaltung seiner Persönlichkeit gerecht Meine Fraktion betrachtet dieses Gesetz als einen beachtlichen gesellschaftspolitischen Fortschritt und stimmt ihm zu 1,-2.15668,Quota Exceeded
106014,1964,Herr Bundesminister ist Ihnen bekannt da die Abgaben der Deutschen Bundespost in Höhe von 16 Milliarden auf Grund von Substanzverzehr geleistet wurden und da wenn die Bundespost diese Abgaben nicht zu leisten gehabt hätte der Anteil ihres Eigenkapitals heute noch über 35 liegen würde,-1.5205417,Quota Exceeded
141230,1967,Frau Kollegin Funcke nach diesen Ausführungen denen ich durchaus zustimmen möchte darf ich fragen Warum beantragt eigentlich Ihre Fraktion eine Ermächtigung zu 28 des Gesetzes,-3.5224905,Quota Exceeded
67288,1960,Die Abstimmung über den Satz nach dem Beistrich bitte ich zunächst auszusetzen,-7.0710526,Quota Exceeded
96654,1964,Der 25 Januar um das zu sagen war der Samstag nach Freitag dem 24 wo die letzte Ausschusitzung stattgefunden hat Ich wollte das nur zur Präzisierung sagen,-6.728652,Quota Exceeded
111267,1965,Vielleicht pat das nicht in Ihr Konzept Schauen Sie doch bitte mal nach,-6.609393,Quota Exceeded
146443,1967,Auf das alte Abkommen das in diesem Jahr ja Geltung hatte,-7.8145404,Quota Exceeded
153517,1968,Darf ich fragen was hat die DEFA im Austausch abgegeben und wer hat das DEFAMaterial erhalten,-10.279193,Quota Exceeded
165959,1969,Sie stellen damit aber auch fest da sich das Hohe Haus mit der Frage beschäftigt hat,-8.679664,Quota Exceeded
112338,1965,Herr Minister ist Ihnen bekannt da die soeben vom Herrn Kollegen Jacobi kritisierte Fassung unter voller Würdigung der Rechte des Vermieters von der Opposition im Gesetzgebungsverfahren jemals in irgendeiner Weise hier angegriffen vorden wäre 0,4.3592567,Quota Exceeded
117404,1965,Herr Präsident ich darf nur rein geschäftsordnungsmäig wiederholen da der Herr Minister,4.7408133,Quota Exceeded
97228,1964,Herr Minister dürfen wir im Allgäu auf Ihre Unterstützung rechnen wenn wir versuchen diese 26 Millionen wieder auf 30 Millionen zu erhöhen,4.309007,Quota Exceeded
158820,1968,Herr Minister wir sind ja alle Lernende Ich würde mich so gern einmal von einem perfekten Juristen über diesen Terminus technicus unterrichten lassen,4.792373,Quota Exceeded
158380,1968,Herr Minister können Sie aus vergangenen Notzeiten ein Beispiel nennen bei dem eine Operation für einen Schwerverwundeten nicht möglich war weil das Personal seine Hilfeleistung verweigert hat 0,3.8818755,Quota Exceeded
163156,1968,Haben Sie eine Möglichkeit zu sondieren ob die Hauptübertretungen in gröeren Betrieben oder in Klein oder Kleinstbetrieben erfolgen,3.9717422,Quota Exceeded
169488,1969,Wie weit sind diese Bemühungen der Bundesregierung in den einzelnen Ländern der Bundesrepublik gediehen,4.467173,Quota Exceeded
153586,1968,Herr Staatssekretär wollte die Bundesregierung mit dieser Meinungsäuerung denn nicht verhindern da ein anderer der seine Mei8194 nung dort vortragen wollte zu Wort kommen durfte,3.8755891,Quota Exceeded
132417,1966,Herr Bundesminister würden Sie es begrüen wenn auf lokaler Ebene auf bayerischer Seite Initiativen ergriffen Dr Müller 0 würden die zu einer Öffnung bestimmter Grenzübergänge führen könnten,3.8472562,Quota Exceeded
118275,1965,Darf ich einmal konkret fragen Würden Sie eine Rede des Verteidigungsministers die er hier im Parlament hält unter diese Kategorie einbeziehen,3.7128072,Quota Exceeded
103218,1964,Herr Minister hatten Sie die Frage der Einteilung in Oberpostdirektionen nicht schon vor drei Jahren prüfen lassen,3.9785304,Quota Exceeded
105767,1964,Herr Minister können wir uns 3 darüber verständigen da die zweite Äuerung des Herrn Dr Adenauer nicht eine Berichtigung sondern eine Modifikation der ersten war 0,4.0289373,Quota Exceeded
104820,1964,Herr Bundesverkehrsminister ist Ihnen bekannt da in Niedersachsen weitere Werke geschlossen werden sollen,4.62834,Quota Exceeded
309737,1979,die Verbände können mit den Ergebnissen die statistische Erhebungen erbringen insgesamt durchaus zufrieden sein Das wird anerkannt Auch als Politiker wollen wir dies einmal sagen zumal die Arbeit der Statistiker ja weitestgehend im Verborgenen geschieht Wer nur bespöttelt wird und dessen Arbeit nie an das Licht der Öffentlichkeit kommt könnte zumindest seit dieses Wort bekannt ist sonst leicht frustiert sein Meine sehr verehrten Damen und Herren wir müssen zugeben da wir selbst einen Teil dazu beigetragen haben da Statistik in Verruf geraten ist Wie sehr haben sich Politiker z B so fragwürdiger statistischer Untersuchungen wie des KrelleGutachtens und der Statistiken über die Bildungsverhältnisse in der Bundesrepublik und im Ausland bemächtigt Welcher Unfug ist im schulischen im wirtschaftlichen und im politischen Bereich mit diesen Statistiken angerichtet worden Das ist nicht Schuld der Statistik sondern Schuld derjenigen die entweder nicht wissen wo die Grenze statistischer Wahrheit liegt oder bewut mibrauchen was die,-0.12487294,Quota Exceeded
306551,1979,Eimer 5 und Abstimmung der Bedarfsplanung sträuben Der Sache der Psychiatrie wäre es dienlich wenn diesbezüglich die wesentlichen Vorgaben in das Gesetz aufgenommen werden könnten Lassen Sie mich noch nach den Folgen dieser Debatte fragen Was bringt diese Debatte für die Betroffenen Wir reden tauschen Meinungen und Ansichten aus und sind uns wie die heutige Debatte jedenfalls bisher zeigt ziemlich einig darin was und vielleicht auch wie es getan werden mu Dann gehen wir möglicherweise zum nächsten Tagesordnungspunkt über und überlassen das Handeln der Regierung Ich meine das darf nicht das Ergebnis dieses Tages sein 6 Wir dürfen gerade auf diesem Gebiet das Handeln nicht allein der Regierung überlassen sondern diese Debatte mu für uns der Ansatz zu neuem Handeln und neuen Aktivitäten sein Ich bin mir darüber bewut da der Bund und damit die Regierung und wir als Gesetzgeber hier nur einen sehr engen Spielraum haben weil das Grundgesetz,-1.0772552,Quota Exceeded
209546,1973,Herr Staatssekretär ist sich die Bundesregierung darüber im klaren da eine eventuelle Autobahngebühr die pauschal für alle Personenkraftwagen undoder Nutzfahrzeuge erhoben wird im Sinne der internationalen Doppelbesteuerungsabkommen als Steuer interpretiert würde und insofern Ausländer nicht betreffen könnte bzw da es wiederum mit einem ungewöhnlich groen Überwachungsaufwand verbunden wäre wenn eine Gebühr nur für die Benutzung der Autobahn erhoben würde 0,0.3562059,Quota Exceeded
271636,1977,in der Bundesrepublik andere Organisationen die Gewerkschaften und Verbände ihren Teil dazu leisten Die EuropaUnion ist mit Recht von einigen der Vorredner mit Dank und mit Anerkennung erwähnt worden Sie hat in der Tat schon im Vorfeld dieser Direktwahlen einiges zur Mobilisierung der Bürger und Wähler getan Was wir jetzt in dieser Debatte tun können ist den Versuch zu unternehmen zu einem Höchstma an Gemeinsamkeit zu kommen Es gibt strittige Punkte und es gibt sicherlich auch unterschiedliche Auffassungen zu technischen Einzelheiten zu Wahlrechtsmodalitäten die letzten Endes ja auch Politik ausdrücken Das ist richtig Herr Lenz Aber ich mu Ihnen ehrlich sagen Ihre Rede hat mich etwas erstaunt Wir haben seit Monaten einen doch nicht abreienden Kontakt innerhalb der Fraktionen mit dem Innenministerium und mit dem Auenministerium gehabt um sicherzustellen da unsere eigene Debatte und die Auseinandersetzung um die strittigen Fragen in einer Art und Weise ablaufen kann die nicht das,-0.28409296,Quota Exceeded
206498,1972,der Tat so da es im Haushalt sehr viele Positionen gibt deren Berechnungsgrundlagen das wissen die Haushaltsausschumitglieder selbst sich sehr schnell zu ändern vermögen Jeder Haushalt ist genau genommen das gehört zum haushaltswirtschaftlichen Einmaleins eine Momentaufnahme und er könnte genau genommen jeden Tag neu geschrieben werden Ich meine es gibt neben den Vorschlägen die aus allen Fraktionen des Hauses hier zur zweiten und dritten Lesung eingebracht worden sind eine Reihe von Umständen die es sachlich rechtfertigen diese Rücküberweisung vorzunehmen wobei wir auch Wert darauf legen Herr Wagner hier nicht den Haushalt 1972 und die Fragen für den Zeitraum 1973 bis 1976 miteinander zu verquicken Darüber werden wir zur gegebenen Zeit im Herbst sprechen Wenn ich von Sprechen rede und Sie beklagen da wir hier nicht erst eine groe Debatte führen so sage ich Ihnen Sie können sich darauf verlassen da alles das was Sie von der Regierung wünschen im Haushaltsausschu,-0.2813832,Quota Exceeded
258942,1976,Herr Staatsminister wie kann die Bundesregierung eine Übereinstimmung hinsichtlich der strikten Einhaltung und vollen Anwendung des Viermächteabkommens über Berlin bestätigen wenn sie nicht eine genaue und konkrete Vorstellung davon hat welche Rechte in welchem Umfang wem zugebilligt werden,0.36433566,Quota Exceeded
279646,1977,Herr Präsident Meine Damen und Herren Mein Vorredner hat bereits eingehend die Argumente genannt die gegen die Überwachung des Gesprächs zwischen dem Beschuldigten und seinem Verteidiger sprechen In der Argumentation sind wir mittlerweile ja ein gutes Stück vorangekommen Wir stellen nicht mehr allein die Frage Ist es rechtsstaatlich überhaupt möglich die Überwachung der Verteidigergespräche vorzusehen Die Frage ist ja auch nicht allein Wird mit der Entscheidung über diese Frage gleichzeitig entschieden ob wir ein Rechtsstaat sind oder nicht Wir sind dem Präsidenten des Deutschen Anwaltvereins als dem Vorsitzenden der gröten deutschen Anwaltsorganisation ausdrücklich dafür dankbar da er neulich mit allem Nachdruck darauf hingewiesen hat da sich alles was wir zur Bekämpfung des Terrorismus bisher beschlossen haben im Rahmen unserer rechtsstaatlichen Ordnung gehalten hat So allein stellt sich also die Frage nicht Aber wir werden natürlich immer sehen müssen meine Damen und Herren von der Opposition da nicht alles was nicht,-0.5187782,Quota Exceeded
304696,1979,und Herren haben wir nicht gerade in diesem Zusammenhang sehr viel stärker zu berücksichtigen da es gerade die Opfer von einst sind die uns gestern wie heute und speziell auch in den vergangenen Monaten im Inland und im Ausland mit groem Ernst zurufen wir dürften einen Schlustrich eben nicht zulassen die uns auffordern die Verjährung aufzuheben weil trotz aller Quälerei ein Ablauf der Verjährungsfrist für sie noch schmerzhafter sein müsse und weil sonst von vornherein auf jeden Versuch verzichtet werde ihnen wenigstens durch Anklage und Verurteilung der Peiniger von einst ein wenig Gerechtigkeit widerfahren zu lassen So zwiespältig unsere Empfindungen angesichts der Erfahrungen mit NSProzessen heute auch sein mögen und sie sind es ich glaube da dieser Ruf der Opfer von einst nicht ungehört verhallen darf 2 Lassen Sie mich noch einen Punkt anführen Schon 1965 auch 1969 auch in den vergangenen Monaten haben wir uns immer wieder gefragt Überfordern,1.3894131,Quota Exceeded
198840,1971,Ich habe das alles nicht nur erlebt oder gesehen ich mute stehen und mich auseinandernehmen lassen Schillers klare Aussagen z B die vom Tag vorher da die Betreffenden keine Prämien für die Stillegung bekommen würden wurden von den Betriebsräten zwar aufgenommen und auch von den anderen dort aber am nächsten Tag wurde in der groen Kundgebung der Demonstration wieder behauptet Die kriegen das doch So ist das Nun machen Sie bitte diese Erfahrung Herr Dr Barzel mit der Volksnähe und mit diesen Sachen Seien Sie versichert auch wir prüfen wie dieser Haushalt in die konjunkturpolitische Landschaft pat Wenn Sie aber generalisierend sagen und Sie haben es gesagt all das enthalte zwar Zusagen aber kein Geld dann wissen Sie stimmt es da bei Ihnen nicht Ich will hier gar nicht die Zuflucht zu billigen Retourkutschen nehmen Heute hat hier Ihr Kollege Franke er hatte schon gestern einige solche Bemerkungen gemacht und,-0.7111963,Quota Exceeded
286279,1978,Diese Zuwachsraten von 45 o im Jahre 1979 und jeweils 4 o in den Jahren 1980 und 1981 bieten den Rentnern Sicherheit und Klarheit über ihre künftigen Rentensteigerungen Die festen Zuwachsraten für die Renten in den nächsten drei Jahren sind der Höhe nach in etwa vergleichbar mit dem Anstieg der Nettoarbeitseinkommen der aktiven Arbeitnehmer wie er sich nach den gegenwärtig geltenden Annahmen über die künftige wirtschaftliche Entwicklung voraussehen lät Diese enge Lohnbezogenheit wird durch die sogenannte Risikoabsicherungsklausel lediglich zusätzlich unterstrichen Diese Klausel würde also überhaupt nur dann greifen können wenn die Steigerung der Löhne und Gehälter der Arbeitnehmer in zwei aufeinanderfolgenden Jahren jeweils um mehr als ein Viertel von den Annahmen der Bundesregierung im Jahresbericht 1978 abweicht Im übrigen können wir davon ausgehen da der Bund der Solidargemeinschaft der Rentenversicherung gegenüber zuallererst in der Pflicht steht bevor sonstige Manahmen erwogen werden und zwar auch ohne Konkretisierung der Bundesgarantie Meine Damen,1.5436107,Quota Exceeded
217066,1973,in diesem Jahr eine intensive Beratung des Einzelplans 04 vorgenommen auch wenn wir unter dem entsprechenden zeitlichen Druck standen Sie sprachen davon da ich hier von irgend jemandem arg in die Zange genommen worden sei Sie sehen Aus der ganzen Zangenbewegung bin ich ziemlich gut wieder herausgekommen Wir haben die Anträge die hier vorgelegt worden sind bereits alle im Haushaltsausschu gehabt Ich habe darüber auch schon heute morgen einiges berichtet Wir gehen davon aus da die Kürzungsvorschläge in Drucksache 7804 vom Parlament abgelehnt werden sollten weil wir das Bundeskanzleramt in den Stand setzen wollen die erforderlichen Koordinierungsaufgaben im Planungsbereich durchführen zu können Ich bin allerdings der Meinung Herr Kollege Baier da wir bezüglich der Ansätze bei beiden Titeln nunmehr eine Gröenordnung erreicht haben bei der es Steigerungsraten in Zukunft nicht mehr geben sollte 1 Sie dürfen mich daran erinnern Sie werden dann feststellen da ich zu dem stehe was ich,0.29252735,Quota Exceeded
310012,1979,Verehrter Herr Präsident Meine Damen und Herren Der verehrte Herr Abgeordnete Würtz beliebte hier soeben zu bemerken die Unionsparteien hätten sich aus der Verteidigungspolitik abgemeldet 0 Lieber Herr Würtz Sie haben sicher eine gewisse Affinität zur bewaffneten Macht aber Ihre Vorstellungen vom militärischen Meldewesen sind doch etwas eigenartig 1 Ich möchte anregen da Sie sich einmal beim Herrn Minister auf der Hardthöhe melden und da der mit Ihnen wegen der Angelegenheit die ich jetzt vortragen werde einmal nach alter Väter Sitte die Hardthöhe herauf und herunter damit Sie auf vernünftige Gedanken kommen Soweit zum Meldewesen 2 Meine Damen und Herren die Zeit ist fortgeschritten daher kurze Bemerkungen Wenn unsere Luft und Raumfahrtindustrie und ich mu über ein Bubenstück aus dem Haushaltsausschu berichten 3 trotz des schweren Starts nach dem vergangenen Kriege heute wieder Anschlu an das luftfahrttechnische Weltniveau gewonnen hat ist dieser Umstand nicht nur auf Initiativen im Zivilbereich wie,0.13370162,Quota Exceeded
305089,1979,dem Bundeshaushalt gezahlten Ausgaben meine Dr Riedl 2 Herren Sozialpolitiker von der SPD für Renten und Unterstützungen nähern Für eine Bundesregierung die ausgezogen ist soziale Ungerechtigkeit durch vermehrte Umverteilung zugunsten der sozial schwächeren Bevölkerungsgruppen zu beseitigen ist es doch eine Bankrotterklärung sondergleichen wenn die Umverteilung von Steuergeldern zugunsten der Zinsempfänger eine höhere Priorität als die Rentenausgaben bekommen hat 3 So betrugen 1969 die Zinsausgaben des Bundes 25 Milliarden DM und die Ausgaben für die Rentenkassen 81 Milliarden DM Das sind Ausgaben im Verhältnis 25 81 1983 ich springe jetzt einmal wird dieses Verhältnis fast paritätisch sein nämlich 43 47 und zwar mit steigender Tendenz zuungunsten der Rentenzahlungen Und dann sprechen Sie davon dieser Haushalt sei sozial Ein weiterer Beweis für die unsolide und gegen den sozialen Wohlstand unserer Bevölkerung gerichtete Ausgabenpolitik ist der Umstand da im Haushaltsjahr 1983 der Schuldendienst erstmals die Summe der aufgenommenen Schulden übersteigt Die Leistungen für,0.76484764,Quota Exceeded
196369,1971,ist das 14 Tage später überstürzt gemacht worden Weil Sie die Angst befällt da Sie die Gunst der Bevölkerung für die Wahlen 1973 mit dieser Wirtschaftspolitik nicht bekommen Das war der nackte Grund Es zeichnet sich doch folgendes ab 5 Ich komme schon mit der Alternative Sie wol len die Ostverträge mit einer ausgelaugten ausgewaschenen BerlinLösung durchbringen Jetzt haben Sie nurmehr das groe Problem der Wirtschafts und Konjunkturpolitik 6 Jetzt haben Sie in einer Art und Weise gehandelt die bei allen Sachverständigen der Weltöffentlichkeit Ansto erregt hat wie schon damals 1969 als Sie die Aufwertung auf dem offenen Markt verkündeten Es kam das Gutachten der wissenschaftlichen Institute Schiller hat es begrüt und in aller Öffentlichkeit wurde darüber gesprochen Die Spekulation hat das wahrgenommen Ich wende mich gar nicht dagegen da Sie den Wechselkurs freigesetzt haben Aber die Art und Weise und die Form wie Sie sich dann in Europa angelegt,-1.756188,Quota Exceeded
179450,1970,Herr Staatssekretär haben Sie in dem Proze den Sie nach dieser Meldung und nach Ihren Ausführungen offenbar gegen Herrn Ziesel geführt haben auch in der zweiten Instanz verloren und trifft es zu da Ihnen auch dort gesagt worden ist es sei durchaus nicht zu beanstanden wenn man Ihr Rechtsgefühl als schief bezeichnen und die Beurteilung doppelte Moral daran anknüpfen würde,-1.3753747,Quota Exceeded
282334,1978,wäre Ich brauche hier glaube ich kaum eine scherzhaft gemeinte Äuerung anzuschlieen da es in Berlin beispielsweise ganze Städte als Bezirke gibt etwa Zehlendorf die könnten dann durchsucht werden wenn wir Ihrer Formulierung folgten Wie gesagt wir halten Ihren Alternativantrag überhaupt nicht für sachgerecht Lassen Sie mich noch einen Satz hinzufügen Wenn Sie sagen Herr Erhard die Ausschlieung des 108 StPO also der Regelung über die Zufallsbeschlagnahme in den Fällen des jetzigen 103 Abs 1 Satz 2 würde zu so grotesken Ergebnissen führen wie die die Sie anführen so ist das schlicht und einfach falsch Sie wissen genau worum es geht Es geht darum da wir Bagatellfälle Zufallsfunde Plakate Bücher und Schnüffeleien bei der Durchsuchung im Zusammenhang mit der Suche nach Terroristen ausschlieen Das wollen wir Auch das verstehen wir unter Verhältnismäigkeitsprinzip Wir lehnen deshalb Ihren Antrag ab 0,-1.5071772,Quota Exceeded
290766,1978,hat die Bundesregierung das Vorschlagsrecht für vier Mitglieder Das fünfte wählt der Bundespräsident aus Die Zusammensetzung des Kuratoriums das den Bundestagspräsidenten zu seinem Vorsitzenden gewählt hat umfat unter Einbeziehung der Stellvertreter alle im Bundestag vertretenen Parteien Der Vorstand und die zur Zeit geltende Satzung samt der Benutzungsordnung tragen dem Umstand Rechnung da die Erben Adenauer den gesamten Nachla soweit er nicht familiären Charakter hat zur Verfügung gestellt haben Die Sicherungsrechte der Familie stehen in Übereinstimmung mit dem Stiftungszweck das Andenken an das Wirken des Staatsmannes Konrad Adenauer zu wahren seinen Nachla zu sammeln zu pflegen und auszuwerten und einen Beitrag zum Verständnis der jüngeren Geschichte sowie des Entstehens der Bundesrepublik Deutschland zu leisten Die Bundesregierung hat in der Begründung des Gesetzentwurfs die Hoffnung ausgedrückt da von der Übertragung des schriftlichen AdenauerNachlasses eine beispielhafte Wirkung ausgehen möge Ein Blick auf das Schicksal anderer Politikernachlässe zeigt da Vorsorge und pfleglicher Umgang nicht,-1.8340373,Quota Exceeded
186311,1970,welch wichtige Funktion die Polizei im Staate innehat und auszuüben verpflichtet ist Ich mu allerdings sagen wie mu dieser Funktionswert der Polizei und höchster Polizeibeamter in der Öffentlichkeit gewertet werden wenn ein Beamter gestatten Sie da auch ich auf den Fall Littmann zurückkomme dem man fachlich persönlich in seiner polizeilichen und beruflichen Leistung nichts vorzuwerfen hat 9 nur deswegen aus dem Amt gedrängt wird zudem noch von unzuständigen Stellen weil er seinen Gesetzes Amts und Verfassungsauftrag genauso verstanden hat wie es soeben der Herr Bundesminister in diesem Hause vorgetragen hat 10,-1.6226683,Quota Exceeded
235022,1974,Teilt die Bundesregierung meine Auffassung da das hohe Ma des Engagements der Kirchen in diesen Bereichen gerade unter dem Gesichtspunkt des Subsidiaritätsprinzips erhalten und ausgebaut werden sollte,-1.5173559,Quota Exceeded
272190,1977,Herr Staatssekretär habe ich Sie richtig verstanden da Sie der Auffassung sind da es sich hier um ein Ermittlungsverfahren der Staatsanwaltschaft handelt und Sie es nicht nur für untunlich sondern geradezu für unzulässig halten sich dazu zu äuern solange die Staatsanwaltschaft ihrerseits ihre Pflicht tut,-2.5931225,Quota Exceeded
281454,1978,Bürger zu sichern 0 Eine solche Feststellung war wie Sie Herr Kollege Haase mit Ihrem Zwischenruf schon deutlich gemacht haben leichtfertig weil alle Debatten im Bundestag die Anhörung im Sozialpolitischen Ausschu die Berichte der Bundesbank die Stellungnahme des Sozialbeirats und die Äuerung der Rentenversicherungsträger von der Regierung überhaupt nicht zur Kenntnis genommen wurden Es war die fehlende Bereitschaft festzustellen auf diese Argumente einzugehen Deswegen kann man den Bundeskanzler auch nicht davon freisprechen da bei der Wahl am 3 Oktober 1976 eben doch eine Absicht zur Täuschung vorhanden war 1 Wenn der Bundesarbeitsminister bei der letzten Haushaltsdebatte immer wieder die Grunddaten des Jahreswirtschaftsberichts die gesamtwirtschaftlichen Annahmen als Grundlage für seine Überlegungen und Unterlassungen darstellte dann mu er sich doch auch daran erinnern da der damalige Finanzminister Schmidt von dieser Stelle aus am 22 September 1972 im Zusammenhang mit den Rentenbeschlüssen die damals gefat wurden feststellte ich möchte fast sagen sehr anmaend,-1.9131684,Quota Exceeded
283454,1978,Herr Staatssekretär wie beurteilen Sie in diesem Zusammenhang die Tatsache da der Betreffende seit 1971 zuerst Grundwehrdienst geleistet hat anschlieend Zeitsoldat war und den Rang eines Stabsunteroffiziers erreicht hat und erst danach bei der Bundeswehr als Koch weiterverwendet wurde,-1.7858912,Quota Exceeded
281222,1978,Kreditpolitik darauf bedacht sein da es nicht zu Friktionen kommt wenn die Unternehmen in verstärktem Mae an den Kapitalmarkt herantreten sollten Zur Zeit besteht allerdings dazu kein Anla weil die Selbstfinanzierungskraft der meisten Unternehmen noch sehr gro ist Abschlieend möchte ich mich wenn Sie mir dies gestatten Herr Präsident noch zur Frage nach den Grenzen der Verschuldung des Bundes äuern Zugegeben sowohl der Schuldenstand als auch die Kreditaufnahme sind aus den dargelegten Gründen auergewöhnlich hoch Unsererseits wird auch nicht verkannt da dadurch eine gewisse Gefahr für den Bundeshaushalt entsteht Denn man kann eine solche Schuldenpolitik nicht auf alle Zeiten fortsetzen dies würde zu einer unvertretbaren Einengung des Haushalts führen Eine absolute Grenze für die Verschuldung des Bundes gibt es allerdings nicht sie lät sich ziffernmäig nicht berechnen Es gibt zwar allerhand Vergleiche ProKopfVerschuldung Vergleich zum Bruttosozialprodukt usw aber sie haben alle keinen absoluten Aussagewert Die Frage bis zu welcher Höhe,-1.338949,Quota Exceeded
191691,1971,Meinen Sie nicht Herr Staatssekretär da man wenn ein Nachholbedarf im Kulturaustausch mit den östlichen Staaten besteht ihn nicht durch Kürzung der Zuschugewährung für den Kulturaustausch mit den westlichen Staaten sondern durch Aufstockung der Mittel befriedigen sollte Moersch Parlamentarischer Staatssekretär beim Bundesminister des Auswärtigen Herr Abgeordneter das ist eine Sache die letztlich der Entscheidung des Hohen Hauses obliegt Das Auswärtige Amt ist gehalten mit den Mitteln auszukommen die im Haushaltsplan vorhanden sind Es war die Ansicht der Kollegen die sich speziell mit dieser Materie befassen da die jetzt bereitgestellte Summe in der Abstimmung des Gesamtprogramms ausreichen müsse Das konnte man tun da man ja nach aller Erfahrung davon ausgehen kann da man bei sozusagen gleichwertigen Bedingungen was die Wechselkurse und die Währungsparitäten betrifft in Staaten mit ähnlicher Struktur im Grunde genomParlamentarischer Staatssekretär Moersch men auf eine staatliche Subventionierung des Kulturaustauschs verzichten kann weil Gastspiele meist so attraktiv sind da sie ihre Kosten durch entsprechende Eintrittsgelder hereinspielen Das ist auch eine sinnvolle Verhaltensweise für einen Staat der nach marktwirtschaftlichen Prinzipien handelt,-1.5125532,Quota Exceeded
266750,1977,Herr Staatssekretär ist damit zu rechnen da nach Abwicklung der Gewährung von Rodeprämien auch Wiederaufpflanzungsprämien gewährt werden,-2.0469737,Quota Exceeded
198782,1971,Bundeshaushalts 1972 etwa bei 84 liege sondern da unter Einrechnung all der Dinge die hier verschleiert worden sind als Steigerungsrate ganz sicher 12 festzuhalten sind Darum die Frage Will ernsthaft jemand behaupten da das ein Beitrag zur Stabilität sein könnte Aber selbst wenn wir von der Rate von 84 ausgehen würden müte man bei der mittelfristigen Finanzplanung dieser Bundesregierung die ein Wachstum des Bruttosozialprodukts bereinigt und netto von 45 ausweist sagen da es kein Beitrag zur Stabilität ist Ich glaube da geht es einfach nicht Herr Bundeswirtschaftsminister da man versucht diese Dinge herunterzuspielen und so zu tun als könnte ein solcher Haushalt mit dieser Steigerungsrate überhaupt einen Beitrag zur Stabilität darstellen Ich meine da fängt das Problem eigentlich erst ernsthaft an und ich habe mich oft gefragt ob es in dieser Situation überhaupt möglich ist einen Haushalt aufzustellen der deutlich dämpfende Wirkung hat Das ist glaube ich ein sehr sehr,-1.3788288,Quota Exceeded
177417,1970,Darf ich Sie nachdem Sie ausgeführt haben da das ganze Haus dieser Stellungnahme zustimme fragen ob auch die FDP inhaltlich zustimmt,-6.8569927,Quota Exceeded
177737,1970,Ich bitte da das die letzte ist ich möchte zum Schlu kommen,-9.260387,Quota Exceeded
191444,1971,Das langweilt gar nicht das unterrichtet das Hohe Haus Ich halte es für notwendig da man dem Hohen Hause das sagt,-8.154623,Quota Exceeded
196823,1971,Ich möchte als wirtschaftsschwache Gebiete das Zonenrandgebiet und die Ausbaugebiete bezeichnen,-7.3391156,Quota Exceeded
205609,1972,Frau Kalinke ich habe kein solches Flugblatt in die Hand bekommen 0 Ich habe kein Flugblatt davon 1,-6.994342,Quota Exceeded
219139,1973,Namens des Vermittlungsausschusses darf ich das Hohe Haus bitten dem Vorschlag des Vermittlungsausschusses zuzustimmen,-6.4469943,Quota Exceeded
219479,1973,Ich habe zu Frage 13 eine Zusatzfrage gehabt Frau Präsidentin Zur Frage 14 hätte ich auch noch eine Zusatzfrage,-7.3969297,Quota Exceeded
235957,1974,Ja aber dann bitte die letzte Ich möchte ja auch zum Schlu kommen,-8.243059,Quota Exceeded
258659,1976,Herr Staatssekretär darf ich Sie darauf aufmerksam machen da das ein Bundesgesetz ist da also der Bundestag bzw der Bund dafür zuständig ist,-6.4849625,Quota Exceeded
260272,1976,Besteht die Absicht in dieser Hinsicht noch zusätzlich etwas zu tun,-6.6023264,Quota Exceeded
301254,1979,Das kommt darauf an wo das Komma ist Frau Präsidentin 0,-7.307631,Quota Exceeded
250434,1975,Ich meine immer noch regieren käme von regere lenken leiten gestalten voraussehen Genau das fehlt in dieser Politik,5.6699677,Quota Exceeded
214826,1973,Herr Bundesminister können Sie eine einzige Stelle nennen wo ich einen Konjunkturzuschlag ohne Untergrenze empfohlen habe,4.799525,Quota Exceeded
247330,1975,Herr Staatssekretär ist es üblich da bei derartigen Ministerreisen die Sekretärinnen ihren Chef zu begleiten pflegen,4.0394535,Quota Exceeded
286308,1978,Herr Staatsminister liegen der Bundesregierung Erkenntnisse über die fachlichen Schwerpunkte der Beratergremien vor,4.062434,Quota Exceeded
225550,1974,Herr Kollege Blüm wären Sie bereit uns Ihre Vorstellungen von Wirtschaftsdemokratie hier zu konkretisieren,4.5975156,Quota Exceeded
232821,1974,Herr Staatssekretär wie verhält sich in anderen Fällen die Bundesregierung wenn sie wie Sie es soeben getan haben registriert da hier etwas äuerst unüblich gewesen sei in der Erklärung eines Vertreters einer anderen Macht,4.002862,Quota Exceeded
259650,1976,Herr Staatsminister können Sie gar keine Zahlen darüber nennen wieviel Familien getrennt sind 0,4.0045714,Quota Exceeded
242057,1975,Herr Staatssekretär ist Ihnen nicht bekannt da der Präsident der Bundesanstalt einige Wochen vorher von einem Liquiditätshilfebedarf von nur einigen hundert Millionen DM gesprochen hat 3 Milliarden DM unterscheiden sich von einigen hundert Millionen recht erheblich,3.8978086,Quota Exceeded
300883,1979,Herr Staatssekretär darf ich Ihrer ersten Antwort entnehmen da der Herr Verteidigungsminister seine erste Überreaktion nämlich ein generelles Ausschankverbot innerhalb der Kasernen während der üblichen Dienststunden verhängen zu wollen noch einmal überdenken wird,3.6799805,Quota Exceeded
189621,1971,Herr Wörner würden Sie bitte so freundlich sein und den Vorwurf der Unwahrhaftigkeit den Sie hier erhoben haben konkretisieren,4.455416,Quota Exceeded
277526,1977,Herr Staatssekretär liegen der Bundesregierung Erkenntnisse vor da so ein Eingreifen der Strafverfolgungsbehörden wie Sie es formulierten notwendig geworden ist,4.33418,Quota Exceeded
205229,1972,Herr Abgeordneter ist nicht vielleicht eine Erhöhung der Preise um nur 2 bei einer stabilen Währung mehr als eine Erhöhung von 5 bei einer Inflation 0,5.1162634,Quota Exceeded
277603,1977,Ich möchte darum bitten informiert zu werden wenn der Bundesregierung hierüber nähere Erkenntnisse vorliegen,4.8968077,Quota Exceeded
431834,1988,Vorstellungen die ganze Richtung nicht pat 19 Denn Sie wollen in der Tat die Planung Wir wollen ein freiheitliches und soziales System Dem entspricht das Festbetragsmodell und es ist zudem völlig marktkonform Deshalb pat es der SPD auch nicht Sie will ich mu es wiederholen die totale Planung im Gesundheitswesen Aber weil das Festbetragsmodell marktkonform ist denn es beschränkt sich auf die Bestimmungen des Leistungsrahmens der Krankenversicherung pat es auch der Arzneimittelindustrie nicht denn diese wünscht keineswegs mehr Wettbewerb und mehr Markt sondern sie möchte den paradiesischen Zustand bewahren bei dem sie sehr weitgehende Spielräume der Preisgestaltung hat und die Krankenkassen alles bezahlen müssen Aber wenn wir diesem wenn wir es beibehielten wirklichen Abkassierungsmodell zu Leibe rücken wollen versucht die SPD uns mit allen Mitteln daran zu hindern Dieses mu auch noch einmal deutlich gesagt werden Fragen Sie meine Herren von der SPD einmal Herrn Rappe was er davon hält,-0.64050716,Quota Exceeded
399016,1986,Herr Präsident Meine Damen und Herren Als der Kollege Haussmann hier seine Rede begann hatte ich vorübergehend den Eindruck hier würde vielleicht mal zur Sache gesprochen 0 Nur Herr Haussmann ein moderater Tonfall hat leider noch nichts mit Redlichkeit zu tun 1 Und wenn Sie über soziale Politik sprechen bitte ich Sie vorher in die amtliche Statistik hineinzusehen 2 Nach der amtlichen Statistik war der Preisanstieg 1985 22 Die von der Mehrheit dieses Hauses beschlossene Rentenanpassung betrug knapp 15 Nach der Statistik des Bundesamtes in Wiesbaden ist der Anstieg der Nettolöhne 1985 bei 17 Wie Sie bei diesen Zahlen einmal eine Steigerung von 07 Prozentpunkten und einmal eine von 05 Prozentpunkten unter dem Preisanstieg hier behaupten Sie hätten Politik für die Rentner und Arbeitnehmer gemacht ist das Geheimnis Ihrer Unredlichkeit 3 Genauso unredlich geht der Bundeswirtschaftsminister nicht ganz so moderat im Ton wie Sie mit den Fakten um wenn er,0.5967506,Quota Exceeded
348373,1982,mehr demokratischer Gleichheit den HerrnimHauseStandpunkt entgegenstellt für unser Volk ein politisches Unglück wäre 68 Darum bitten wir die Bürgerinnen und Bürger unseres Landes 69 dieser Politik durch ihre Stimmabgabe am 6 März ein Ende zu setzen 70 Wir sind der festen Überzeugung da es dem inneren Frieden dieses Landes dienen würde 71 wenn diese Übergangsregierung eine bloe Episode bliebe 72,1.5907857,Quota Exceeded
355762,1983,Grofeuerungsanlagen vor In beiden Bereichen sind ökonomische Anreize durch Steuern oder Abgaben sehr sinnvolle Instrumente und die Bundesregierung wäre gut beraten wenn sie diese zur Beschleunigung ihrer bisher ungenügenden Auflagen einsetzte Die Frage ist nur ob man unverbleites Benzin wirklich verbilligen sollte oder ob es nicht besser wäre die Mineralölsteuer für bleihaltiges Benzin deutlich und stufenweise zu erhöhen Ich denke dabei nicht in erster Linie an die Staatskasse die allerdings eine Aufbesserung dann verdient hätte wenn diese Aufbesserung des Mineralölsteueraufkommens zielgerichtet für die Finanzierung einer neuen Verkehrskonzeption und für die Beseitigung der negativen Folgen des Straenverkehrs eingesetzt würde Wichtig erscheint mir die Belassung des heutigen Mineralölsteuerniveaus vor allem deshalb um die Anziehungskraft des öffentlichen Nahverkehrs gegenüber dem Individualverkehr zu stärken und die Bereitschaft der Bevölkerung zum Umsteigen vom Auto auf Bus Bahn und Fahrrad zu erhöhen 1 Auerdem schlagen wir vor aber das sage ich jetzt nur nebenbei die Kraftfahrzeugsteuer,1.166533,Quota Exceeded
375579,1984,Herr Präsident Meine Damen und Herren In der Debatte war von Besinnlichkeit und Hoffnung die Rede Beschworen wurde der bäuerliche Familienbetrieb Ich habe mich gefragt Wie mu das eigentlich auf denjenigen wirken der auf einem Grünlandbetrieb in der Wesermarsch oder in Ostfriesland sitzt der schwer um seine Existenz ringt der Milchkontingentierung und ihrer Auswirkungen wegen 0 und hier nun gesagt bekommt er solle doch besinnlich und hoffnungsvoll sein Auf den mu das wie Zynismus wirken wie nichts anderes 1 Wahrscheinlich ist es das auch 2 Ich bin dafür da wir uns darüber verständigen was denn die Ursachen der Schwierigkeiten sind in denen sich bäuerliche Familienbetriebe befinden Es nutzt gar nichts ihre Existenz zu beschwören wenn man sich nicht wenigstens über diese Ursachen verständigt Ich glaube die Ursache liegt in der Krise in der sich europäische Agrarpolitik befindet Da sie in der Krise ist dürfte inzwischen für alle Betroffenen seien sie,0.43434024,Quota Exceeded
333824,1981,Herr Staatssekretär wir haben heute rund 865 000 Männer und Frauen in den Wehren Können Sie mir sagen wie viele dieser Männer und Frauen in den nächsten Jahren eine Ausbildung bzw Fortbildung benötigen und wie gro der Anteil ist den der Bund pro Aus und Fortzubildendem hierfür ausgibt und gehe ich richtig in der Annahme da die integrierte Ausbildung soweit sie sich auf den Verteidigungsfall bezieht eine Aufgabe des Bundes ist von Schoeler Parl Staatssekretär Herr Kollege Stutzer die ersten beiden Fragen die Sie gestellt haben betreffen den Zuständigkeitsbereich der Länder Ich bin gern bereit sie zu beantworten aber ich bitte um Verständnis dafür da ich das hier nicht aus dem Stegreif machen möchte Ich werde Ihnen die Frage schriftlich beantworten,-0.48701853,Quota Exceeded
420284,1987,Ergebnis zu erhalten mu man Sachverständige aus Ihrer Sicht offensichtlich erst einmal richtig auswählen und notfalls so lange austauschen bis sie das Richtige von sich geben 3 Mit diesen Spielregeln für das Verhältnis von Politik und Wissenschaft können wir uns nicht anfreunden 4 Ihnen kommt es nur darauf an da ein Wissenschaftler von vornherein das richtige politische Bekenntnis hat Damit können wir nichts anfangen Ich stelle nur fest Sie haben bezogen auf diese Wissenschaftler nichts Konkretes behauptet was deren Unabhängigkeit in Frage stellt Ich kann deshalb nur zu dem Schlu kommen Das was diese Wissenschaftler auf EGEbene empfohlen haben halten wir zwar nicht für richtig aber ihre Unabhängigkeit und ihre Fachkompetenz stellen wir deshalb noch lange nicht in Frage Ich gehe sodann noch kurz auf die Begründung Ihres Antrages ein weil einige ganz böse Dinge darin stehen Sie sagen zunächst einmal Wer Grenzwerte feststellt will die Kernenergie weiter nutzen Das,-0.57652533,Quota Exceeded
394020,1985,von 192 führt lediglich dazu da sich die Zahlungsfähigkeit an der untersten Grenze einer halben Monatsausgabe festsetzt vorausgesetzt da die der Einschätzung der Finanzentwicklung zugrunde liegenden Eckwerte der Bruttoentgeltentwicklung der Beschäftigungszunahme und der Arbeitslosenzahlen richtig sind und so bleiben 24 Spätestens Ende dieses Jahrzehnts werden wir vor dem gleichen Finanzierungsdilemma stehen Das ist nicht wegzudiskutieren Das ist übrigens auch der Grund warum die SPDFraktion konsequent an ihrer Forderung festhält die Beiträge zur Rentenversicherung durch die Bundesanstalt für Arbeit 25 für jeden versicherten Arbeitslosen wieder auf die ursprüngliche Höhe anzuheben Genau dies würde den Rentenversicherungsträgern die erforderlichen 55 Milliarden DM jährlich an Einnahmen zuführen und sie aus der Liquiditätsklemme herausbringen Gleichzeitig wären dann die Rentenversicherungsträger von den Risiken des Arbeitsmarkts und konjunktureller Schwankungen freigestellt Aber Sie wollen das ja nicht obwohl es die Rentenversicherungsträger immer wieder fordern Wie Sie Herr Minister Blüm darüber hinaus mit den vor uns stehenden Problemen einer,0.96266294,Quota Exceeded
354599,1983,Ich glaube nicht Herr Kollege da die Debatte die wir im Augenblick führen für diese Frage der richtige Anla und der richtige Zeitpunkt ist Sie würden mich in meinen Darlegungen über die Punkte auf die es mir im Moment ankommt in erheblicher Weise beeinträchtigen Aber ich bin bereit diese Debatte bei anderer Gelegenheit mit Ihnen zu führen Entscheidend scheint mir zu sein da die Arbeit in der Bundeswehr auch heute noch ungleichmäig verteilt ist Ich sage hier da ich aus der Bundeswehr selbst Äuerungen höre die die Unausgewogenheit des Personals in der Truppe und in den Stäben Verwaltungen Ämtern und Kommandos deutlich machen Wenn der Bundesverteidigungsminister an seiner Zusage festhält hier heranzugehen kann er sich unserer Unterstützung gewi sein Ein weiterer Punkt die Frage des Verwendungs und Beförderungsstaus Auch hier wird es von unserer Seite her einen zusätzlichen Vorschlag geben um die Probleme in diesem Bereich zu erleichtern einen Vorschlag,0.66129017,Quota Exceeded
406913,1986,ausgleichen sondern haben in 1985 und 1986 die Gesamtzahl um mehr als eine halbe Million erhöht Die Kurzarbeit ist so gut wie beseitigt Erfreulich ist besonders da die Arbeitslosigkeit der unter Zwanzigjährigen gegenüber dem Vorjahr um 12 gesunken ist Das ist noch nicht Vollbeschäftigung die Sie meine Damen und Herren der SPD verloren hatten Ich möchte jetzt den statistischen und daher unbestreitbaren Tatsachenaufzählungen einige Überlegungen anschlieen was getan werden mu um die von Ihnen verlorene Vollbeschäftigung wiederzugewinnen Es gilt erstens die Investitionslücke aus den 70er Jahren und dem Anfang der 80er Jahre die wir eingeengt haben vollends zu schlieen Dazu tragen neuerdings erfreulicherweise auch ausländische Investitionen bei Ich nehme an da Sie das nicht als Ausverkauf der Volkswirtschaft bezeichnen so ähnlich wie gestern die Privatisierung Eigenartige Vorstellungen bei Ihnen Im ersten Halbjahr 1986 haben sich die ausländischen Direktinvestitionen gegenüber der Vorjahreszeit um 875 auf 33 Milliarden DM erhöht Und meine,0.7744889,Quota Exceeded
358929,1983,dramatischeren Rüstungswettlaufs ist aber doch die Frage zu stellen wer hier eigentlich die Sicherheit gefährdet Sind es die die angesichts eines riesigen Arsenals von Massenvernichtungswaffen für konkretere Abrüstungsschritte eintreten oder sind es nicht vielmehr die die eine forcierte Aufrüstungspolitik im atomaren wie im konventionellen Bereich betreiben Weil wir zu Abrüstung kommen wollen bitte ich um Ihre Zustimmung für diesen Kürzungsantrag 5,1.0227536,Quota Exceeded
357101,1983,Die SPD hätte die Möglichkeit gehabt hier manches zu verbessern was tatsächlich notwendig ist 23 Wir bemühen uns darum da wir dieser Forderung in Zukunft gerecht werden Je wirkungsvoller wir konventionell verteidigen können desto höher dies unterstreicht auch was der Kollege Horn gesagt hat ist natürlich auch die atomare Schwelle Das herausragende Merkmal bei den Luftstreitkräften ist da der Sowjetunion etwa bis Ende der 60er Jahre Kampfflugzeuge fehlten die offensiv gegen die Luftstreitkräfte der NATO eingesetzt werden konnten Auch das hat sich im vergangenen Jahrzehnt grundsätzlich geändert Die Sowjetunion hat in der Zwischenzeit eine neue Generation modernster Kampfflugzeuge eingeführt die in der Lage sind verstärkt weiträumige Angriffsaufgaben wahrzunehmen Diese Maschinen können weitaus mehr Waffen und Munition tragen als ihre Vorgänger Sie erreichen höhere Geschwindkeiten und haben etwa die dreifache Reichweite Aus der Entwicklung der Seestreitkräfte der Sowjetunion und des Warschauer Paktes auch dies mu angesprochen werden die im letzten Jahrzehnt,-0.1659134,Quota Exceeded
392935,1985,dann meine verehrten Damen und Herren von der Opposition wäre es doch ein reiner Zynismus wenn Sie in den langen Jahren Ihrer Regierungsverantwortung in Kenntnis dieses Problems und seiner Ursachen alle die Manahmen verweigert hätten die Sie heute mit Tremolo in der Stimme in dieser Debatte drei Jahre nach ihrem Ausscheiden aus der Regierung fordern 7 Diese Regierung hat in der Tat die Versäumnisse aufgearbeitet die in Ihrer Regierungszeit eingetreten sind Wir haben gerade weil es hier eine besonders hohe Nachfrage nach Teilzeitarbeit gibt durch Flexibilisierung von Arbeitszeiten und durch arbeitsrechtliche Gleichstellung von Teilzeitarbeit mit Vollarbeitsverhältnissen die Diskriminierung gerade von Frauenerwerbstätigkeit beseitigt Wir haben durch die Einbeziehung von Mutterschaftsgeld in das Ausgleichsverfahren nach dem Lohnfortzahlungsgesetz 8 eine wichtige Beschäftigungshürde gerade für Frauen auf dem Arbeitsmarkt beseitigt Auch der Entwurf des Frauenarbeitsschutzgesetzes beseitigt eine Reihe von Behinderungen die bisher der Beschäftigung vor allen Dingen von Frauen im Wege stehen Wir stellen,1.418046,Quota Exceeded
423743,1987,Ich habe es gesehen Frau Präsident Ich werde zum Schlu kommen,-4.140202,Quota Exceeded
364786,1984,allemal richtigstellen Frauen haben genug Arbeit Was ihnen fehlt ist bezahlte und qualitativ zumutbare Arbeit 5 So kann bei uns der Groteil der Frauen wählen zwischen unbezahlter Haus und Kinderarbeit in Illustrierten zumeist dargestellt als glückliche Ehefrau und Mutter ohne eigenständige Sozial und Alterssicherung einerseits und zum anderen saumäig schlecht entlohnter Arbeit oft monoton und auch in dienenden Opferbereitschaft fordernden Berufen Glücklich schätzen darf sich dann der Teil der Frauen der beide Aufgaben erfüllen darf Dies sieht dann so aus Aufstehen um 5 Uhr Brote machen schnell aufräumen kurz nach 6 Uhr zum Bus Arbeitsanfang zwischen 630 Uhr und 730 Uhr Es ist der übliche Alltag mit Montage Kaffeeholen leichten Diskriminierungen durch männliche Kollegen und Heimfahrt um 16 Uhr Wenn sie nach Hause kommt ist die Frau schon zwölf Stunden auf den Beinen Aber dann beginnt die zweite Schicht Kochen Waschen Bügeln Familie Meine Herren wenn wir in dieser Gesellschaft,-1.5345352,Quota Exceeded
357713,1983,in einer Existenzkrise 7 Ich versuchte das darzulegen Und ich versuchte auszuführen da wir Sozialdemokraten in dieser Existenzkrise nicht auf die heilenden Kräfte des Marktes setzen wie Sie 8 Deshalb sind wir für eine Honorarordnung die diesen Architektenberuf schützt Allein mit der Honorarordnung wird das nicht gelingen Nur wenn es uns gelingt den freiberuflichen den angestellten und den beamteten Architekten und ich sage auch den Architekten im Parlament gemeinsam und dazu gehört dann auch Solidarität diese Gesellschaft davon zu überzeugen da sie Architektur braucht da sie gute Architektur so zum Leben braucht wie sie sauberes Wasser und klare Luft braucht gibt es eine Chance die Krise unseres Berufsstandes zu bewältigen 9,-1.7382928,Quota Exceeded
325915,1981,Stimmen der Opposition verabschiedet worden Nur hatten wir die Rechnung ohne den Bundesrat gemacht Er hat ein umfangreiches Anrufungsbegehren aufgetischt und über die Hürde des Vermittlungsausschusses sind wir durch Ablauf der Legislaturperiode nicht mehr hinweggekommen Das hat bei den Betroffenen bei den Eltern abhängiger Jugendlicher und Kinder das hat bei allen Betreuern groe Enttäuschung ausgelöst Enttäuschung auch bei uns aber bei uns vielleicht auch die Einsicht da man frühzeitiger aufeinander zugehen müsse 5 Als wir den Gesetzentwurf neu einbrachten habe ich gesagt man müsse sich Bundestag und Bundesrat rechtzeitig zusammensetzen Es könne überhaupt nicht richtig sein sich immer erst im Vermittlungsausschu zu begegnen Vom Ergebnis her ist dieser Appell nicht ungehört verhallt Ich bin ja nicht so vermessen zu glauben dieser kleine Appell sei die Ursache oder auch nur der Ansto gewesen da sich hier etwas bewegt hat Ich sehe das Ergebnis und das Ergebnis ist da wir heute wiederum,-2.0100393,Quota Exceeded
354319,1983,damals sicherlich eine Schwachstelle der Reform Inzwischen hat sich wohl die Überzeugung durchgesetzt da auch die Einweisungsvorschriften im Strafgesetzbuch ein wenig zu starr umschrieben sind da eine flexiblere Lösung notwendig ist Ich möchte nur darauf hinweisen da eine Prognose über die Behandlungsfähigkeit eines Straftäters im Zeitpunkt seiner Aburteilung auerordentlich schwierig ist Das Gesetz gibt ja auch keine Handhabe jedenfalls keine ausreichende einen nicht behandlungswilligen und damit auch behandlungsfähigen Straftäter aus der sozialtherapeutischen Anstalt wieder herauszunehmen Insoweit kann die vom Bundesrat vorgeschlagene vollzugsrechtliche Regelung geeignet sein auch die sehr teuren Haftplätze besser zu nutzen Ein weiterer Vorteil dieses Entwurfs scheint darin zu liegen da die Sozialtherapie enger mit dem Normalvollzug und seinen Förderungsmanahmen verknüpft werden kann Dies kann sich auf die Weiterentwicklung des Normalvollzugs zum Behandlungsvollzug wie auch auf die Entwicklung verbesserter sozialtherapeutischer Manahmen günstig auswirken Wenn nun die vorgeschlagene Gesetzesänderung diese Auswirkungen hätte könnte man ihr wohl vorbehaltlos zustimmen Die,-1.3336803,Quota Exceeded
364861,1984,Herr Staatssekretär welche Rolle spielt in diesem Zusammenhang das Gerichtsurteil zu Ohu II,-2.5415235,Quota Exceeded
447287,1989,den Städten die bislang Erfahrungen mit Tempo 30 gesammelt haben wissen wir da sowohl die Anzahl der Unfälle als auch die Schwere der Unfälle deutlich zurückgeht Die VorherNachherUntersuchungen haben gezeigt da gerade Kinderunfälle ganz drastisch reduziert werden und das spricht für Tempo 30 flächenhaft Um so unverständlicher ist dann eigentlich die Haltung der Bundesregierung die Tempo 30 als Regelgeschwindigkeit ablehnt und nur noch einzelne Straen beruhigen möchte So kann man eine gute Initiative Herr Schulte regierungsamtlich kaputtmachen Mir scheint da geht es auch weniger um Verkehrspolitik als in erster Linie darum RotGrün in Berlin und Frankfurt Knüppel zwischen die Beine zu werfen 0 Mit einer Auswertung von wissenschaftlichen Gutachten oder Sachverstand hat das jedenfalls nichts zu tun Ich habe mir das was Sie veröffentlicht haben durchgelesen Sie stellen in Ihrer Begründung auf das Gutachten der BASt ab Wie Sie wenn Sie das Gutachten zugrunde legen zu Ihren Schlüssen kommen ist,-1.3332648,Quota Exceeded
447600,1989,ökologischen Umbau der Industriegesellschaft entwickelt das schleunigst umgesetzt werden sollte damit weitere Schäden möglichst verhindert werden Die Bundesregierung und auch die Forschungsinstitute behaupten das Wirtschaftswachstum der letzten Jahre habe zu mehr Arbeitsplätzen geführt Eine Analyse des WSI zu den Faktoren des Beschäftigungsanstiegs zeigt da daran der Anteil des Wachstums relativ gering ist Zwei Drittel der neu entstandenen Arbeitsplätze sind demnach auf arbeitsmarkt und tarifpolitische Manahmen zurückzuführen d h auf Wochenarbeitszeitverkürzungen ABM und Teilzeitarbeitsplätze Dies bestätigt unsere Auffassung da die Arbeitslosigkeit durch die Umverteilung von Arbeit und Einkommen überwunden werden mu Die Bundesregierung hat aber die Verkürzung der Wochenarbeitszeit immer bekämpft und steckt sich nun die fremden Federn an den Hut Diese Jubelveranstaltung ist eigentlich ein Armutszeugnis für die Regierung Danke 3,-2.4252386,Quota Exceeded
439181,1988,das wohl richtig aber wir müssen sehr darauf achten da erstens die nationale Nutzendefinition wirklich sorgfältig erfolgt und da es keine Überschneidungen und Doppelarbeiten gibt Es mu ein klares Ziel vorhanden sein Zweitens müssen wir darauf achten da das zielgerichtete Management für solche Luft und Raumfahrtaktivitäten auf der Höhe der Zeit ist Ich meine da die Raumfahrtagentur DARA eine richtige Idee ist Sie mu aber so konstruiert werden da sie ein leistungsfähiges Management im Blick auf die riesigen anstehenden Aktivitäten hat In diesem Sinne stimmen wir dem vorliegenden Haushalt zu weil es ein zukunftsorientierter Haushalt ist Ich bedanke mich 8,-1.6671767,Quota Exceeded
353852,1983,Frau Kollegin Schoppe ist Ihnen bekannt da es in der Bundeswehr Ausbildungen nach dem Berufsbildungsgesetz gibt die nicht von Soldaten absolviert werden sondern von Zivilbediensteten oder Lehrlingen und da man da z B KfzSchlosser und so was lernen kann und da deswegen Ausbildungskapazitäten dort genutzt werden sollten,-2.601859,Quota Exceeded
453221,1989,Sie haben ja ein Konzept Gehört zu dem Konzept der Entsorgung auch die rechtzeitige Information der zuständigen unteren Katastrophenschutzbehörden,-2.156881,Quota Exceeded
355439,1983,gezeigt wird Er heit Erst wenn der letzte Baum gerodet der letzte Flu vergiftet der letzte Fisch gefangen werdet ihr feststellen da man Geld nicht essen kann 12 Damit soll nicht gesagt sein da die Abgeordneten kein Einkommen haben sollten mit dem sie leben können mit dem sie ihre Aufwendungen ausgleichen können Dem rede ich nicht das Wort Aber es ist ein Unterschied ob der Bedarf der Abgeordneten den auch jeder Bürger drauen gerecht findet abgedeckt wird oder ob die Gelder dazu benutzt werden zusätzlich Besitz anzuhäufen und eine Kapital und Besitzmentalität zu befriedigen 13 Damit hängt auch die Frage der Unabhängigkeit zusammen Der Herr Präsident hat Art 48 des Grundgesetzes zitiert in dem es heit Die Abgeordneten haben Anspruch auf eine angemessene ihre Unabhängigkeit sichernde Entschädigung Das wirft die Frage auf ob die Unabhängigkeit der Abgeordneten um so gröer wird je mehr Geld diese bekommen 14 Das wirft die,-1.512793,Quota Exceeded
377394,1985,Altmühltals spielt bei diesem Bauprojekt eine wichtige Rolle Jede Baustelle sieht zunächst nicht schön aus Ich darf aber nur darauf verweisen was der Vorsitzende des Bundes Naturschutz Herr Weinzierl einmal zum Landschaftsschutzplan der ja Bestandteil des Bauplanes ist festgestellt hat Er hat gesagt Die Freunde des Naturschutzes können damit leben wie der Kanal gebaut wird und wie er in die Umwelt eingefügt wird Die Landschaft um den Kanal wird wieder schön und liebenswert werden Dieser Kanal bringt einen hohen verkehrs und wirtschaftspolitischen Nutzen für Ostbayern eine Region die auf Grund ihrer Randlage und wegen ihrer hohen Arbeitslosigkeit mit schweren wirtschaftlichen Problemen zu kämpfen hat Gute Verkehrsanbindungen sind Grundvoraussetzungen um eine wirtschaftliche Entwicklung in der Region zu fördern Die Ansiedlung neuer Betriebe die Schaffung neuer Arbeitsplätze und damit die Verbesserung der regionalen Wirtschaftsstruktur überhaupt sind letztlich die ausschlaggebenden Triebfedern für den Bau dieser Wasserstrae Die verkehrspolitische und verkehrswirtschaftliche Bedeutung der Wasserstrae,-1.3392041,Quota Exceeded
383501,1985,Immer mit Rücksicht darauf da ich davon ausgehe da das nicht angerechnet wird,-6.977889,Quota Exceeded
443005,1989,Sind Sie dann nicht der Auffassung da man WINTEXCIMEX sofort absagen kann,-8.6556225,Quota Exceeded
394115,1985,Ja bitte aber das ist dann die letzte Ich bitte das nicht auf die Redezeit anzurechnen,-7.1946297,Quota Exceeded
425293,1988,Geschäftsordnungsantrag auf zusätzliche Überweisung an den Ausschu für Raumordnung Bauwesen und Städtebau,-6.3486753,Quota Exceeded
372510,1984,Ich sage das deshalb weil ich mir nicht sicher bin ob das dann als Zusatzfrage gelten mu,-6.642792,Quota Exceeded
429453,1988,Sie wissen ja wie man das als Vizepräsident macht da man da nämlich die Zeit stoppt,-6.5046434,Quota Exceeded
390819,1985,Wie hoch ist der bundesdeutsche Anteil an dem Feldhaubitzensystem FH 70,-7.4458895,Quota Exceeded
443650,1989,Ich habe eine Zusatzfrage zu Frage 24 und eine zu Frage 25,-8.237719,Quota Exceeded
396920,1986,Ich habe gesagt am Schlu wenn ich dann noch Zeit habe,-9.266032,Quota Exceeded
359471,1984,Sicher habe ich eine Zusatzfrage Ich wute nicht da der Staatssekretär zu Ende war,-6.8097754,Quota Exceeded
429081,1988,Aber ich nutze dann meine zweite Zusatzfrage um dennoch zu fragen ob zwischen Ihrem Hause und dem BMJFFG dazu schon Gespräche stattgefunden haben,-8.008171,Quota Exceeded
343730,1982,Ja aber ich darf darauf aufmerksam machen da das von meiner Redezeit abgeht,-6.928213,Quota Exceeded
450940,1989,Ja ich gestatte sie aber ich möchte den Satz zu Ende führen,-6.621149,Quota Exceeded
316138,1980,Herr Kollege Schmidt können Sie bestätigen da die Vorstellungen die von seiten der CDU kommen und die in einem Langzeitprogramm niedergelegt sind das der Kollege Blüm mit dem Generalsekretär der CDU Geiler vorgelegt hat gegenüber unseren Vorstellungen immerhin Mehrkosten von 301 Milliarden DM gegenüber 10 Milliarden DM nach den von Ihnen vorgetragenen und von der FDP entwickelten Vorstellungen für die Rentenversicherung erbringen würden,4.045141,Quota Exceeded
434408,1988,Herr Cronenberg ich bin immer sehr an der Definition von neuen Begriffen interessiert 0 Ich frage Können Sie mir bitte erklären was Mehrheitsgewerkschaften sind 1,5.3780727,Quota Exceeded
426983,1988,Herr Staatssekretär würden Sie mir bitte erklären in welcher Art und Weise sie modernisiert wurden,4.288572,Quota Exceeded
449527,1989,Herr Minister wenn Sie von Friedensstärke sprechen welche Friedensstärke meinen Sie 456 000 405 000 oder 380 000,6.7205963,Quota Exceeded
439059,1988,Frau Kollegin Sie verurteilen die Verbrauchsteuern Sind für Sie Energiesteuern keine Verbrauchsteuern 0,4.2443986,Quota Exceeded
371029,1984,Herr Staatssekretär können Sie sich eine Betriebsgemeinschaft von Bauern vorstellen die mit drei Familien von einem Betrieb leben der aber über dieser Obergrenze von 330 Grovieheinheiten liegt Wenn j a Wird die Bundesregierung auf dieses Problem eingehen um auch solchen Kooperationen einen Ausgleich zukommen zu lassen die nach meiner Meinung anders zu bewerten sind als ein Betrieb der eine Familie ernähren mu,3.6764376,Quota Exceeded
454091,1989,Wir sind Ihnen ökologisch und ökonomisch überlegen meine Damen und Herren 0,3.916618,Quota Exceeded
318256,1980,Nein An einer anderen Stelle können wir uns darüber gerne unterhalten 0,6.3822966,Quota Exceeded
316536,1980,Herr Staatssekretär können Sie erklären warum zunehmend Gesamtaufträge an Generalunternehmer erteilt werden,3.7625597,Quota Exceeded
401283,1986,Meine sehr verehrten Damen und Herren die Union hat damit endgültig 0,4.249814,Quota Exceeded
334102,1982,Herr Staatssekretär können Sie mir sagen wie es zu der Privilegierung der von Ihnen genannten Fahrzeuge gekommen ist,3.9428,Quota Exceeded
362093,1984,Herr Staatssekretär ist es dann wirklich so da Sie auf Grund dieses Verfahrens einen politischen Mierfolg einer solchen Reise von vornherein in Kauf nehmen würden,3.9796762,Quota Exceeded
364716,1984,Herr Staatssekretär ist denn für die von Ihnen hier genannten verschiedenen Beteiligungen nun inzwischen eine vertragliche Sicherung erfolgt,5.0239654,Quota Exceeded
554297,1996,Frau Präsidentin Liebe Kolleginnen und Kollegen Seit dem gestrigen Tage kann von einer friedlichen Nutzung der Atomenergie nicht mehr gesprochen werden Atomenergie kann nur gegen das Recht auf Leben und vor allen Dingen gegen die übergroe Mehrheit der Jugend die den radioaktiven Müll als Erblast erhalten wird genutzt werden Offensichtlich braucht es dazu den Einsatz einer Bürgerkriegsarmee von 19 000 Polizisten um einen Atommülltransport einen von hundert die noch kommen werden durchzuprügeln Dies ist es was den Rechtsstaat gefährdet Die Verantwortung dafür trägt diese Bundesregierung 0 Steigen Sie mit uns aus der Atomenergie aus Gewähren Sie den Menschen ihr Recht auf Leben Dann wird es solche Konflikte nicht mehr geben Sprechen Sie nicht scheinheilig von einer Kapitulation des Rechtsstaates die es nicht geben dürfe und von Rechtsbrechern Dieser Rechtsstaat kapituliert doch ständig vor Rechtsbrechern aber an einer völlig anderen Stelle Setzen Sie doch einmal 19 000 Polizisten ein um die,0.86974734,Quota Exceeded
554496,1996,und Staatsanwalt das überhaupt erkennen will Erledigt sich doch mit der Erklärung ein vielleicht schwieriges unangenehmes Verfahren problemlos Offenbar haben Sie vergessen da das Bedürfnis nach einer umfassenden Reform dieser Straftatbestände nicht zuletzt aus der Praxis der Rechtsprechung entstanden ist weil die Gerichte den Gewaltbegriff so eng ausgelegt haben da unerträgliche Strafbarkeitslücken entstanden sind Vergessen haben Sie offensichtlich auch da es Staatsanwälte und Richter waren die nach dem Vorleben des Opfers fragten und einen unsittlichen Lebenswandel oder ein aufreizendes Verhalten des Opfers als Strafmilderungsgrund für den Täter werteten Sicherlich hat sich hier in den letzten Jahren auch bei den Gerichten einiges zum Positiven verändert aber noch immer sind auch Staatsanwälte und Richter nur Menschen mit unterschiedlichen Einstellungen und unterschiedlichen Wertungen Es gibt fleiigere und weniger fleiige und es gibt vor allem sensiblere und weniger sensible Aus meiner eigenen Berufserfahrung als Staatsanwältin und als Richterin wei ich da der Stempel eingestellt,-0.22683108,Quota Exceeded
509484,1993,Herr Präsident Meine Damen und Herren Es gibt hier nichts zu beschönigen das ist sowohl an die Adresse der SPD als auch an die Adresse der FDP gerichtet Das Urteil aus Karlsruhe zu den 218 und 219 des Kompromientwurfes ist ein Skandal 0 insbesondere für ostdeutsche Frauen und zwar in mehrfacher Hinsicht 1 Hören Sie einmal zu offensichtlich wissen Sie überhaupt nicht wovon Sie reden Erstens Frauen die sich zu einem Schwangerschaftsabbruch entschlossen haben müssen sich so der Urteilsspruch einem repressiven und zielorientierten Gespräch in einer Beratungsstelle aussetzen Diese sogenannte Beratung soll der schwangeren Frau eine verantwortungsbewute Entscheidung ermöglichen Das ist eine Infamie sondergleichen und als solche ungeheuerlich 2 Im Umkehrschlu bedeutet das nämlich da Frauen in der DDR verantwortungslos gehandelt hätten weil es dort diese Zwangsberatung nicht gegeben hat 3 Dann haben Sie Probleme mit der Logik das ist aber nicht mein Problem Zweitens Die Regelung bleibt im Strafgesetzbuch,-0.6215558,Quota Exceeded
495141,1992,hierzulande noch zurückstehen Der Kapazitätsabbau konnte noch nicht korrigiert werden Die Folgen der Trockenheit dieses Sommers tun das Übrige zur Verschärfung der Lage Diese Situation verlangt auch im kommenden Jahr die Umstrukturierung der Betriebe in den neuen Bundesländern hin zur Marktwirtschaft durch spezifische Manahmen zu unterstützen Dafür gilt es jetzt schnell die Regelung zur Abwendung von Existenzgefährdung in den betroffenen Ländern zu treffen Für die Bundesregierung soll dafür die Regierungsvereinbarung die im Entwurf vorliegt Grundlage bleiben 263 Milliarden DM sieht der Landwirtschaftsetat für unsere jungen Bundesländer in 1993 insgesamt vor Erstmalig werden unter diesem Titel die Ausgleichsmanahmen für die Bauern in Ost und West gemeinsam ausgewiesen Das ist ein notwendiger Schritt Gleichwohl werden wir uns einen scharfen Blick dafür bewahren da der den neuen Ländern zustehende Anteil Berechnungsgrundlage für den Etatentwurf in Höhe von 420 Millionen DM den Bauern zwischen Rostock und Suhl zwischen FrankfurtOder und Wernigerode auf Heller und,0.22742328,Quota Exceeded
496771,1992,klar sein wie irreal der gesetzliche Vorschlag der hier auf dem Tisch liegt ist Unabhängig davon mu man konstatieren da im Angebot weiterer umfassender ambulanter Hilfen ein künftiger Schwerpunkt der Versorgung des Pflegefallrisikos liegen mu und hierbei auch neueren Hilfsformen wie beispielsweise dem Assistenzkonzept zur individuellen Betreuung von Behinderten wachsende Bedeutung zukommen wird 2 Festzuhalten bleibt für den Deutschen Bundestag da seit dem Sommer bzw Herbst des letzten Jahres ein kompletter Gesetzentwurf der SPD zur Einführung einer Pflegeversicherung sowohl im Bundesrat als auch im Bundestag vorliegt Festzuhalten bleibt ebenfalls da sich andere Gruppierungen dieses Hauses mit eigenen Gesetzentwürfen in die Diskussion eingebracht haben Gerade ist ein Beispiel bewertet worden Daran schliet sich die Frage an wo die gesetzliche Lösung derjenigen ist die seit Jahr und Tag mit der sozialversicherungsrechtlichen Lösung des Pflegerisikos hausieren gehen 3 Ich kann mich Frau Pohl nur anschlieen Herr Kraus Wo ist Ihr Gesetzentwurf Wann macht,-0.49385586,Quota Exceeded
527940,1994,sind Aspekte des Beihilferechts sowie das Krankenversicherungswesen betroffen Der interfraktionelle Gesetzentwurf gemeinsam eingebracht von den Fraktionen der CDUCSU der SPD und der FDP fand bei den Beratungen in den Ausschüssen breite Zustimmung Im übrigen ist es so da dieser Gesetzentwurf nicht nur wie in der Drucksache niedergeschrieben keine Kosten verursacht sondern möglicherweise sogar geringfügig Kosten eingespart werden denn mit diesem Gesetzentwurf wird eine hinreichende Klärung der sensiblen Frage in einer gegenseitigen Aufrechenbarkeit verschiedener Pensionsansprüche erreicht Es erfolgt auch hier eine Klärung die erforderlich war Ich meine da auch in diesem Bereich das Erreichen rechtlicher Klarheit eine Verpflichtung des Gesetzgebers gegenüber den Bürgern ist Deswegen sollte das zügig vorgenommen werden Nun lassen Sie mich noch ein paar Bemerkungen zu dem machen was wir mit diesem Gesetz nicht regeln Davon ist bei meinen Vorrednern schon die Rede gewesen Wir haben die grundsätzliche Frage wie dieses Parlament weiter arbeiten soll mit welcher Zahl,1.3223403,Quota Exceeded
460941,1990,eines Landes mit in die Beurteilung einbeziehen 1 Viertens Der Erfolg entwicklungspolitischer Zusammenarbeit darf nicht an Hand eurozentristischer eindimensional ökonomischquantitativer oder geostrategischmachtpolitischer Kriterien und schon gar nicht daran gemessen werden wie viele Folgeaufträge die deutsche Wirtschaft im Anschlu an ein Entwicklungsprojekt verbuchen kann 2 Fünftens Bei der Festlegung allgemeiner Kriterien für die Nachhaltigkeit von Entwicklungszusammenarbeit sollten wir uns an Forderungen orientieren die von den Entwicklungsländern selbst aufgestellt werden So heit es z B in der Erklärung zu Afrika die von afrikanischen Nichtregierungsorganisationen 1986 in Dakar verabschiedet wurde Entwicklung in Afrika mu endogen und selbstbestimmt sein Sie mu auf eigenen Kräften aufbauen und ökologisch lebensfähig sein Voraussetzung dafür sind weitreichende strukturelle Veränderungen 3 Ich meine da bundesdeutsche Entwicklungsprojekte einen Beitrag zur Verwirklichung eben dieser Ziele leisten müssen und da die Erfolgskontrolle genau dies prüfen mu Sechstens Projekte müssen nicht zuletzt einen Beitrag zur Demokratisierung der Gesellschaft und zur Verwirklichung und Wahrung der Menschenrechte leisten Herzlichen Dank 4,0.29420358,Quota Exceeded
508919,1993,Änderung des Grundrechtes hätten Wir haben es nicht bekommen können Warum Weil Sie nicht mitgespielt haben Wir wollen uns doch bitte nichts vormachen Die letzte Regelung des Asylverfahrensrechts bei der Sie zugesagt haben Sie wollten in den Ländern genügend Räumlichkeiten zur Verfügung stellen haben die Länder nicht eingehalten Das war der eine Punkt Der zweite Punkt Sie haben behauptet innerhalb von sechs Wochen könnten Asylbewerberverfahren durchgeführt werden Auch das war nicht möglich und das wute man vorher Es war eigentlich ein Entgegenkommen der CDUCSU an Sie da man solange gewartet hat 1 Das mag uns jetzt als Fehler angelastet werden aber Sie waren es die es verzögert haben 2 Der Wahrheit die Ehre Das mu man einmal deutlich sagen 3 Ich wollte ich habe nur noch zwei Minuten ein Argument vorbringen bei dem Sie mir zustimmen werden da bin ich ziemlich sicher Wir müssen dafür sorgen da die Grundgesetzänderung jetzt,-0.50183946,Quota Exceeded
586462,1998,kein Mitrauen des Parlaments entgegengebracht 7 Ich darf hier auch noch auf eines aufmerksam machen In den politischen Bewertungen aller Fraktionen und der Gruppe ist die Aussage des Bundesministers der Verteidigung unwidersprochen geblieben 8 die beste vorstellbare politische Bildung sei die Vermittlung von Verhaltenssicherheit im Umgang mit der Menschenwürde anderer Dem kann auch Frau Beer sicher nicht widersprechen 9 Mit besonderem Interesse lassen Sie mich dies zum Schlu noch sagen habe ich den Ausführungen des Generalinspekteurs zum Traditionsverständnis und zur Traditionspflege der Bundeswehr zugehört Wenn er sagt Tradition sei zielorientiert und in die Zukunft weisend verbinde die Generationen über die Zeit hinweg dann schliee ich mich dem voll an Sichere Grundlage des Traditionsverständnisses der Bundeswehr ist die bundeswehreigene Geschichte auf der Basis des Traditionserlasses von 1982 Die Anhörung von Bundesminister Rühe und Generalinspekteur Bagger hat überzeugend ergeben da die Führung der Bundeswehr die Weiterentwicklung der eigenen Tradition der Bundeswehr fördert,0.7176034,Quota Exceeded
550891,1996,Armut ist nicht bewältigt Das Menschenrecht auf Ernährung das sich nicht nur in Art 25 der Allgemeinen Erklärung der Menschenrechte von 1948 sondern auch in Art 11 des Paktes über wirtschaftliche soziale und kulturelle Rechte wiederfindet und das Menschenrecht auf Wohnung seien hier eindringlich ins Gedächtnis gerufen Weder den unmittelbar betroffenen Menschen noch uns selbst wird es nützen in Erklärungen aller Art lediglich Betroffenheit zu zeigen und den Willen zu bekräftigen entsprechende Manahmen zu ergreifen De facto steigt die Zahl der chronisch Unterernährten De facto steigt die Zahl der Wohnungssuchenden in den Städten in denen im Jahr 2000 bereits zwei Drittel der Weltbevölkerung leben werden De facto steigt im Jahrhundert der Flüchtlinge die Zahl der Migranten Immer deutlicher wird aber auch da unser wachstumsorientiertes Entwicklungsmodell hier keine Lösungen bietet Denn obwohl sich die ökonomische Weltproduktion seit 1950 verfünffacht hat leben heute mehr als 12 Milliarden Menschen in Armut Trotz anhaltendem,0.4054033,Quota Exceeded
473421,1991,nicht in ein überzeugendes wohnungspolitisches Konzept eingebettet 9 Ich mu es wiederholen Der Investitionsbedarf in eine durch 40jährige SEDHerrschaft vernachlässigte und völlig verkommene Bausubstanz beträgt Hunderte von Milliarden DM Die Arbeit liegt also förmlich auf der Strae Nur die Investitionen kommen nicht in Gang Bauarbeiter werden arbeitslos die Bausubstanz verfällt weiter 10 Auch die Tatsache da die Bundesregierung die Subventionen für die Wohnungswirtschaft über Nacht gestrichen hat zeigt fatale Konsequenzen Instandsetzungs und Modernisierungsaufträge sind in zweistelliger Milliardenhöhe storniert worden Dutzende von Wohnungsunternehmen stehen vor dem Konkurs Die Städte und Gemeinden haben Schulden bis über die Ohren so da selbst kleinste Aufträge an die Bauwirtschaft nicht vergeben werden können Überall herrscht bedrückende Unklarheit Sicher scheint nur zu sein da nicht nur die Steuern und die Abgaben erhöht werden da nicht nur die Arbeitslosigkeit explosionsartig wächst sondern auch die Mieten in den neuen Ländern drastisch steigen werden 11 Wenn wir heute beantragen,0.23184088,Quota Exceeded
502980,1993,böse abgelegt werden obwohl Technik selbst weder gut noch böse ist allenfalls ihre Handhabung zum Nutzen oder zum Schaden führen kann Also kommt es doch letztlich so denke ich bei allem Verständnis dafür da Menschen gegenüber fremden und unverständlichen Dingen Ängste entwickeln einzig und allein auf den verantwortlichen Umgang mit dieser Technik an Ich habe schon darauf hingewiesen Wir haben in der Bundesrepublik seit 1990 das Gentechnikgesetz und diskutieren derzeit was daran verändert werden mu Aber es werden ja nicht die Grundlagen die Sicherheit Gesundheit und Umweltschutz berücksichtigen beseitigt sondern es werden die Dinge verändert die Entwicklung Forschung und dergleichen mehr behindern als das aus den genannten Gründen überhaupt vertretbar ist Übrigens sind einige Punkte aus dem SPDAntrag überholt weil schon in der Stellungnahme des Gesundheitsausschusses zum Vorschlag für eine Verordnung des Rates über neuartige Lebensmittel deutliche Forderungen zum Schutz der Gesundheit und zur Information der Verbraucher erhoben wurden Herr,-0.7303928,Quota Exceeded
484912,1991,der GauckBehörde und den Bediensteten die sich mit den Asylantenfragen befassen Sozialverträglichkeit ja Zumutbarkeit andererseits mu hier in Rechnung gestellt werden Es mu also auch Umsetzung und Aufnahme anderer Tätigkeiten als Beamter zur Erhaltung des Gemeinwohls möglich sein Wir müssen versuchen das miteinander in Einklang zu bringen Das sind wir schlicht und ergreifend dem Steuerzahler schuldig Wir haben im Einzelplan des Innenministers bei der sogenannten GauckBehörde eine Sperre angebracht die wir wie etwa bei der TürkeiHilfe wiederum aufheben können Dies hat ja einen erheblichen Wirbel in der Presse verursacht Das ist lediglich ein Hinweis an die Bundesregierung da sie in dem von mir geschilderten Zusammenhang Abbau einerseits und Aufbau andererseits die notwendigen vom Parlament gewünschten Anstrengungen unternehmen mu 26 Ich wollte das hier in der gebotenen Kürze ausführen Alles in allem möchte ich zu diesem Haushalt sagen Er ist vernünftig Es ist ein guter Haushalt Er ermöglicht da unser Staat bündnisfähig bleibt 27 Eine verantwortliche Auenpolitik kann gemacht werden Damit können wir zum Weltfrieden beitragen Ich bedanke mich dafür da Sie mir zugehört haben 28,-0.56305134,Quota Exceeded
470354,1990,kommen wir noch einmal zum Punkt tropischer Regenwald zurück Ich glaube da es sinnvoll ist deutlich zu machen da ein Schuldenerla differenziert vorgenommen werden mu Ich sage für unsere Fraktion noch einmal ganz deutlich da Schuldenerla allein auch nicht ausreicht wenn wir für den Tropenwald etwas positiv bewirken wollen denn Leute denen wir Geld erlassen haben noch nicht automatisch das Geld um aufzuforsten um Regenerationsmanahmen durchzuführen um Gebiete unter Schutz zu stellen Wir wollen hier positiv ansetzen Damit gehen wir über das was von Ihnen gefordert wird weit hinaus Ich glaube da wir das auch tun müssen denn wenn wir nicht Artenvielfalt im tropischen Regenwald erhalten dann gefährden wir die Stabilität von Entwicklung Nur Vielfalt von Arten heit Stabilität biologischer menschlicher Umweltentwicklung auch für die Zukunft Wir würden Unwiederbringliches verlorengehen lassen wenn wir hier nicht sofort und direkt ansetzen würden Deshalb ist es für uns auch ein zentraler Punkt gemeinschaftlich,-1.3418658,Quota Exceeded
562122,1996,Herr Staatsminister liegen Ihrem Hause Anträge der Republik Südafrika vor über das bisher Gewährte hinaus unterstützt zu werden Anträge die Ihr Haus bisher noch nicht beschieden hat,-1.7076411,Quota Exceeded
512085,1993,Herr Kollege von Schmude teilen Sie meine Auffassung da es trotz schwieriger wirtschaftlicher Lage eigentlich eher peinlich ist da die erwarteten Spenden aus der Wirtschaft in dem Umfang den Sie hier angedeutet haben für dieses wichtige Gebiet ausgeblieben sind Meinen Sie tatsächlich da die Konsequenz daraus dann sein sollte eine Aufgabe die als solche eine wichtige Aufgabe ist durch Austrocknen der Institution die sie tätigt einfach einzustellen,-1.838464,Quota Exceeded
489555,1992,Herr Kollege Hilsberg sind Sie nicht mit mir der Auffassung da das was Sie gerade zum Schlu gesagt haben das aufhebt was Sie zu Anfang hinsichtlich eines bestimmten Schwachsinns geäuert hatten 0,-5.4967027,Quota Exceeded
520700,1994,das mindeste was ein Gericht und auch ein Staatsanwalt tun mu Er hat extra nichts gesagt um diesen Widerspruch festzumachen Dann ist Hans Modrow sofort ohne jede Möglichkeit zur Korrektur vereidigt worden und eine Stunde später war die Anzeige unterwegs Das nenne ich Mibrauch der Tätigkeit eines Untersuchungsausschusses um hier einem Abgeordneten eine Falle zu stellen um einen politischen Proze gegen ihn zu führen um ihn von der politischen Bühne zu vertreiben Das würde auch für jeden anderen Abgeordneten gelten Befreien Sie sich doch einmal ideologisch und schauen Sie einmal auf den Umstand der dort passiert ist Das ist das Entscheidende Nie würde etwas Ähnliches bei einem Untersuchungsausschu des Bundestages gestattet werden Wenn Sie in diesem Falle die Immunität aufheben dann sagen Sie damit den Ausschüssen der Landtage Mibraucht diese Ausschüsse soviel ihr wollt baut den Leuten Fallen auf legt nichts vor und organisiert auf diese Art und Weise die politische Vergiftungsatmosphäre 5 Es ist ungeheuerlich was dort in dem Landtag geschehen ist Sie sollten das nicht legitimieren 6,-1.5354092,Quota Exceeded
484112,1991,Herr Staatssekretär ich hätte gern gewut ob der Staatssekretärsausschu der eingerichtet worden ist informiert worden ist und ob die DARA informiert worden ist Dann habe ich gehört da das Bundeskanzleramt gesagt hat man möchte das Angebot sehen und wenn das Angebot auf dem Tisch liege werde man entscheiden Inwieweit waren Staatssekretärsausschu DARA und Bundeskanzleramt bei der Entscheidung in dieser Frage überhaupt involviert und wem liegt das Angebot vor,-3.2021046,Quota Exceeded
508601,1993,Ich möchte präzisieren da Kommunisten die offensichtlich auch Mörder waren der Kommunisten die gefallen waren offiziell an der Neuen Wache gedachten Wilhelm Pieck der mit dazu beitrug da Kommunisten ermordet wurden stellte sich hin das war für mich einfach verlogen und gedachte dieser Kommunisten obwohl er dazu beitrug da sie ermordet wurden Ich finde das verlogen und ich frage Sie ob Sie das nicht auch für verlogen halten wenn Sie schon das Vorhergehende angeklagt haben 0,-1.5460083,Quota Exceeded
500667,1992,Energieträger Der Wald mu bewirtschaftet werden er mu gepflegt werden und es mu wirtschaftlich dabei auch etwas herauskommen Ohne nachhaltige Bewirtschaftung ist nämlich diese Aufgabe für die Allgemeinheit nicht zu erfüllen Holz ist ein nachwachsender Rohstoff Er bindet CO2 langfristig ist ideal als Baustoff Für den erhöhten Anfall von Schwachholz mu ein verbesserter Markt geschaffen werden Die Papierindustrie sollte auch preislich diesen hochwertigen Rohstoff honorieren Ich bin froh da die Elektrizitätswirtschaft und der Wirtschaftsminister nun das Stromeinspeisegesetz auf die Verbrennung jedweder Art des Holzes ausweiten wollen damit wir einer Lösung der Verwertung dieser Holzabfälle ein Stück näherkommen Nachwachsende Rohstoffe wie Holz aber auch andere die im Naturkreislauf wiederverwendet werden können können dann einen wirksamen Beitrag zum Umweltschutz leisten und nicht zuletzt der Ausweitung der Waldschäden entgegenwirken Neben der Luftreinhaltung und der Verbesserung der Waldökosysteme trägt ein gut funktionierender Holzabsatzmarkt dazu bei den Stellenwert unseres Waldes zu sichern Abschlieend darf ich sagen und noch einmal betonen Die neuartigen Waldschäden sind für uns eine Daueraufgabe 8 Vielen Dank 9,-1.6306758,Quota Exceeded
517378,1993,Diskussion mit den hervorragenden strategischen Instituten Südostasiens ist weitgehend unterblieben Es ist auch kein zukunftsweisendes Signal da gerade in dieser Zeit die Botschaft im asiatischen Ölstaat Brunei geschlossen wird Und da preist die Regierung in ihrem Asienkonzept die engen traditionellen Beziehungen zu den Vertretern der geistigen Führungsschicht sie kündigt an der kulturelle Austausch werde sein Gewicht behalten Welcher Austausch welches Gewicht mu man sich doch fragen Was auf diesem Gebiet für die Beziehungen zu Asien getan wurde war im Vergleich zu den Programmen anderer Länder minimal Werfen Sie doch einmal einen Blick in die entsprechenden Studiengänge an den deutschen Hochschulen und sehen Sie sich die Ausstattung mit Büchern und Lehrkräften an Sollte da ein kultureller Austausch stattgefunden haben dann nicht wegen sondern trotz der Politik Natürlich stellen die Umwälzungen in Mittel Ostund Südosteuropa höchste Ansprüche an die deutsche Auenpolitik bereits auf unserem Kontinent wer könnte das angesichts des Dramas in,-1.4150548,Quota Exceeded
466081,1990,Ich hätte dazu noch eine Frage Herr Staatssekretär wenn das alles stimmt was Frau HürlandBüning uns mitgeteilt hat und Sie das auch noch bestätigen indem Sie sagen da dies im Verteidigungsministerium abgestimmt wurde könnte es nicht sein wenn die Bedrohung dann plötzlich von Frankreich oder von Holland käme da die Sprengschächte und die Sprengkammern plötzlich alle auf der falschen Seite wären 0 Was gedenkt die Bundesregierung in einem solchen Falle der Bedrohung zu tun,-1.9638749,Quota Exceeded
566258,1997,Heit das soll oder mu Das ist die Frage die ich anschlieen möchte,-4.2227826,Quota Exceeded
549609,1996,Herr Klinkert Sie haben gesagt da die Genehmigung durch die Dauerbetriebsgenehmigung für das Endlager Morsleben abgedeckt ist und damit durch die Eigenaufsicht Nun ist es so da es sich hier um die Zwischenlagerung von Stoffen in einem Endlager handelt Ist es richtig da in dem Untertagemefeld wo fünf Spezialcontainer sind diese Abfälle nicht von der Dauerbetriebsgenehmigung umfat sind,-2.022125,Quota Exceeded
549807,1996,wir uns da dieser allgemeine Frust immer gröer wird So kommt man natürlich auf keinen Fall zum Bündnis für Arbeit Ein Beispiel das sehr stark strapazierte Problem der Gewerbekapitalsteuer Herr Lafontaine hat es heute gesagt Er ist dafür aber doch dagegen Was ist denn nun Da werden immer wieder die Kommunen angeführt die dann ohne Geld dastehen würden Es gab dieses eineindeutige Angebot hinsichtlich der Mehrwertsteuer Das steht auch noch Lassen Sie uns doch wenigstens in diesem Zusammenhang konkret darüber sprechen wie das ausgestaltet werden kann Das gleiche passiert beim Solidaritätszuschlag Es ist wirklich schlimm wenn man das hört Herr Eichel es tut mir leid da Herr Eichel immer wieder dran ist hat einmal ganz klar gesagt Die FDP hat recht wir müssen aus dieser übergroen Abgabenlast aussteigen Gut das war vor der Wahl Jetzt sagt er genau das Gegenteil Ich wei nicht wo da die Glaubwürdigkeit ist Es ist,-2.327153,Quota Exceeded
512541,1993,Ich habe das als Guthaben verstanden und gedacht da mein Guthaben steigt 0,-7.6520243,Quota Exceeded
529871,1994,Zu diesem Thema haben Sie Herr Fischer Gott sei Dank noch nichts gesagt Ich warte darauf da Sie auch noch etwas sagen 0,-6.671164,Quota Exceeded
474303,1991,Ich habe eine weitere Zusatzfrage Ich habe doch vier Zusatzfragen nicht wahr,-6.8173404,Quota Exceeded
573912,1997,Ja wenn ich dann zum Schlu noch einen Satz sagen darf,-6.491811,Quota Exceeded
585257,1998,Habe ich meine Zeit schon ausgeschöpft Dann bitte ich um Nachsicht,-7.868294,Quota Exceeded
573015,1997,Ich habe die beiden Zusatzfragen zusammengefat damit ich es der Frau Staatssekretärin nicht zu schwer mache,-7.2300234,Quota Exceeded
551962,1996,auf die Tagesordnung zu setzen und zu beraten Ich bedanke mich 0,-6.514823,Quota Exceeded
572254,1997,Im Gegensatz zu Frau Stamm lasse ich Zwischenfragen gerne zu 0,-7.3932943,Quota Exceeded
560662,1996,Ich wei nicht ob Sie etwas fragen wollen was ich noch sagen möchte Frau Altmann 0,-6.6109905,Quota Exceeded
584555,1998,Sall ick dat up hochdüütsch wat ick toletzt seggt hebb nu up plattdüütsch översetten Oder worum geiht dat fetz 0,-8.690119,Quota Exceeded
518003,1993,Ja Ich bin am Schlu angelangt Ich bedanke mich für Ihre Aufmerksamkeit 0,-6.3533344,Quota Exceeded
558567,1996,Frau Kollegin Gila Altmann 0 1 Ich hatte zwar noch nicht ja gesagt aber machen Sie mal,-6.598325,Quota Exceeded
480181,1991,Ja da haben Sie ganz recht mit Ihrer Annahme Ich mache sogleich Ausführungen dazu,-6.7968655,Quota Exceeded
523395,1994,Herr Kollege wenn Sie gerade die privaten Vermittler diskriminieren wollen würden Sie zur Kenntnis nehmen da im letzten Jahr 1993 von den 9 Millionen vermittelten Arbeitsplätzen 6 Millionen privat vermittelt worden sind 0,4.259434,Quota Exceeded
540392,1995,Herr Präsident Meine sehr verehrten Damen und Herren Die SPDBundestagsfraktion 0,5.8231726,Quota Exceeded
472681,1991,Können Sie mir erklären was Sie angesichts der grundlegend veränderten Verhältnisse in Ost und Mitteleuropa unter dem Begriff Ostblock verstehen,4.104089,Quota Exceeded
510944,1993,Herr Staatssekretär wie möchte man dann eine Verkehrsverminderung bei der Produktion von Gütern erreichen wenn allein bei so einem kleinen Produkt die Transportkette so lang ist,4.339825,Quota Exceeded
498517,1992,Es steht mir nicht an die Entscheidung der Personalämter hier ohne nähere Kenntnis zu kritisieren Möglicherweise liegt es an der fehlenden Eignung der Bewerber 0,4.048157,Quota Exceeded
557725,1996,Wir sollten uns daher auf ein gemeinsames Tun verständigen Herr Präsident,4.6573977,Quota Exceeded
546849,1995,Überschreitet der Verkaufserlös der erzielt worden ist die Grenze bei der eine parlamentarische Genehmigung erforderlich ist 0,3.702876,Quota Exceeded
469296,1990,Herr Kollege haben Sie vergessen da die Währungsunion mit einer breiten Mehrheit der frei gewählten Volkskammer eingeführt worden ist 0,4.771617,Quota Exceeded
533385,1995,Ich wüte gerne wie viele Vertriebene denn durch den Bund der Vertriebenen vertreten werden,5.3407936,Quota Exceeded
539502,1995,Herr Kollege Louven Sie haben von der Absenkung der Lohnnebenkosten gesprochen was auch bei uns sehr positiv gesehen wird Meinen Sie da wir mit 500 Millionen DM die wir vielleicht durch die Verhinderung von Mibrauch hereinbekommen die Lohnnebenkosten entscheidend senken können Wäre es nicht günstiger wir würden endlich die versicherungsfremden Leistungen aus dem System herausnehmen Damit könnten wir eine Entlastung von 50 bis 100 oder gar 150 Milliarden DM erreichen Sie reden dauernd von Peanuts mit denen wir vielleicht eine Senkung um 0002 erreichen können,4.0415764,Quota Exceeded
466553,1990,Herr Kollege darf ich Ihrer Antwort entnehmen da Betriebe mit einer Referenzmenge von mehr als 300 000 Litern Milch für Sie Superbetriebe und keine bäuerlichen Betriebe mehr sind 0,4.224834,Quota Exceeded
461500,1990,Wir können also zur Kenntnis nehmen Sie überprüfen das noch einmal,4.256232,Quota Exceeded
532629,1995,Frau Kollegin Sie haben gerade auf Herrn Professor Karl Schiller einen sicherlich groen Wirtschaftspolitiker verwiesen Wer ist denn in Ihrer Fraktion der neue Schiller 0,4.1001167,Quota Exceeded
621360,2001,wir es schaffen den Anteil zu verdoppeln niemals die Energieerzeugung aus Kernkraft als quasi einheimischem Energieträger ersetzen können 9 Er ist ein quasi einheimischer Energieträger So ist es Oder widersprechen Sie mir Herr Kollege Ich würde Ihnen wirklich raten das angesprochene Grünbuch einmal zur Hand zu nehmen und durchzulesen Sie können dort die Meinungen von Sachverständigen nachlesen im Sachverständigenrat für Umweltfragen in Deutschland wurden die bisherigen Mitglieder grötenteils von Ihnen ausgetauscht 10 Die Kommission warnt in dem Grünbuch dass die CO2Emissionen in Deutschland steigen sie inzwischen wieder auch in Europa wieder ansteigen könnten Herr Minister Trittin die These der Atomausstieg könne einen Beitrag zum Klimaschutz leisten ist völlig abwegig 11 Auch Kommissarin de Palacio folgt dieser Meinung nicht sie hat vielmehr sehr starke Bedenken ob es gelingt zu einer Verringerung der Treibhausgase zu kommen wenn man aus der Kernkraft aussteigt Sie wei ganz genau und hat dies auch öffentlich geäuert,0.61988044,Quota Exceeded
696504,2007,Unterhalts nach Zeit und Höhe Diese Regelung steht heute schon im Gesetz sie wird aber nicht angewandt Deshalb wird sie richtigerweise noch einmal an exponierter Stelle aufgeführt Die Anwendung in der Praxis muss sozusagen angeschoben werden Es gibt eine Annäherung der Unterhaltsansprüche der geschiedenen Elternteile an die der nicht verheirateten Elternteile Wir haben eine gesetzliche Regelung des Mindestunterhaltes und eine Änderung des Unterhaltsvorschussgesetzes weil die Regelunterhaltsverordnung durch die Regelung des Mindestunterhalts aufgehoben wird Sie haben das Unterhaltsvorschussgesetz in Ihrem Antrag aufgeführt Ich möchte dazu sagen dass Reformbedarf im materiellen Recht besteht Darüber sind wir uns einig Wir sollten uns aber an dieser Stelle nicht unnötig lange aufhalten Wir sind mit einer Vereinfachung und Beschleunigung der gerichtlichen Unterhaltsdurchsetzung und einer Förderung von Unterhaltsvereinbarungen nach dem Cochemer Modell einverstanden Über eine andere Baustelle nämlich über die FGGReform wird derzeit intensiv beraten Wir tragen also Ihren Anliegen Rechnung 5 Die Harmonisierung des Unterhaltsrechts,0.54081076,Quota Exceeded
698167,2007,Frau Präsidentin Meine sehr geehrten Damen und Herren Die Fraktion der Linken beschert dem Bundestag zum wiederholten Mal eine Debatte über Rechtsextremismus 0 Dies soll offensichtlich in periodischen Abständen geschehen wohl um der Welt zu zeigen wie weit wir in Deutschland auf dem schlechten Weg nach rechts auen schon gekommen sind In ihrer Groen Anfrage malen die Linken dieses Bild besser gesagt dieses Zerrbild mit 286 Fragestellungen und mit 390 Einzelfragen Sie nehmen kein Blatt vor den Mund sondern ziehen das Fazit gleich vorne weg Deutschland ist auf dem Weg nach rechts auen und dafür sind alle im Bundestag vertretenen Parteien gleichermaen verantwortlich wir alle hier von den Grünen bis hin zur CDUCSU gehören zu den marktradikalen Kräften der Staatssekretär hat das angesprochen die Sozialdemokraten und die Freidemokraten werden automatisch in Sippenhaft genommen Die Linken stellen damit eine abstruse eine wirre Situation dar Unser Land soll in der öffentlichen Wahrnehmung,0.13335955,Quota Exceeded
650913,2003,Änderung des 10 Mit unserem Vorschlag werden die Zuständigkeitsstreitigkeiten und Vollzugsprobleme zwischen der Jugendund der Sozialhilfe entfallen Durch die Neufassung der Vorschrift wird erreicht dass für die seelisch behinderten oder von einer solchen Behinderung bedrohten jungen Volljährigen vorrangig die Träger der Sozialhilfe nicht die der Jugendhilfe zuständig sind Gerade bei dieser Zielgruppe ist es zum Teil besonders schwierig eine klare Trennlinie zwischen erzieherischem Bedarf und Rehabilitation zu ziehen Während die körperliche Behinderung klassifiziert ist gibt es für den Begriff der seelischen Behinderung keine rechtliche Definition sondern nur einen Katalog von Beispielfällen Durch diese Neuregelung gäbe es mehr Klarheit und mehr Vereinfachung weil das Drohen einer seelischen Behinderung erstmals definiert ist Jetzt gibt es trotz fachärztlicher Gutachten Unklarheiten sodass letztlich Verwaltungsgerichte entscheiden müssen Zweitens 35 a Es gibt neben der enormen Kostensteigerung für die Kommunen in den letzten Jahren deutliche Mitnahmeeffekte sowie erhebliche Auslegungsprobleme aufgrund der ausgedehnten und unbestimmten Reichweite des,1.3326311,Quota Exceeded
642538,2002,Frau Kollegin Fae Sie haben eben betont dass Sie die Flüsse als Schifffahrtswege erhalten wollen Können Sie mir erklären wie das mit dem Stopp der Fahrrinnenunterhaltungsmanahmen an der Elbe vereinbar ist,-0.7227316,Quota Exceeded
702205,2007,schon eingestellt worden sind dass aber andere Staatsanwaltschaften sie weiterlaufen lassen Das können wir nicht einfach so hinnehmen 1 Da haben wir eine Verantwortung da müssen wir eingreifen Als im Sommer in allen Zeitungen und sämtlichen Medien gro über diese strafrechtlichen Ermittlungsverfahren gegen die Journalisten berichtet wurde kam aus allen Fraktionen des Deutschen Bundestages heftige Kritik Selbst der Kollege Grindel von der CDUCSUFraktion Medienexperte seiner Fraktion 2 hat das Vorgehen als höchst problematisch bezeichnet das ist für einen CDUAbgeordneten ja schon höchst kritisch Der SPDObmann im Untersuchungsausschuss hat gesagt diese Ermittlungsverfahren seien verfehlt obwohl die Union und die SPD im Untersuchungsausschuss dafür gestimmt haben dass diese Ermächtigung erteilt wird Wenn die Fraktionen in dieser Weise in der Öffentlichkeit Stellung nehmen dann sind sie auch verpflichtet dieser Kritik Taten folgen zu lassen Dann müssen sie jetzt mit uns dafür sorgen dass diese Verfahren eingestellt werden und zwar sofort 3 Das können,-0.07638985,Quota Exceeded
606976,2000,Ich denke schon dass letztlich ein unabhängiges Gericht die Entscheidung treffen muss und ich glaube darin sind wir uns alle einig Verehrte Kolleginnen und Kollegen verehrte Frau Justizministerin die heutige Debatte die mit groer Sorgfalt und wie ich glaube auch in gegenseitiger Achtung geführt worden ist in der deutlich wurde dass dieser Bundestag die Achtung der Würde des Menschen über alles stellt zeigt der Öffentlichkeit dass wir dieses Thema ernst nehmen und sollte uns allen auch den Mut geben dass wir bei den anstehenden Beratungen zur Umsetzung der europäischen Richtlinie in nationales Recht mit groer Sorgfalt mit groer Gewissenhaftigkeit und in groer Einmütigkeit vorgehen Ich denke wir sind auf einem guten Weg dazu und bedanke mich sehr herzlich bei Ihnen für die heutige Debatte 0,-0.66671,Quota Exceeded
691357,2006,Herr Präsident Meine sehr geehrten Damen und Herren Herr Präsident ich möchte Sie bitten etwas NachDorothee Bär sicht walten zu lassen weil man in sieben Minuten Redezeit mit dem ganzen Mist den man sich heute hier hat anhören müssen gar nicht aufräumen kann 0 Besonders bei Ihnen Frau Kollegin Hirsch hat man nach jeder Rede das Gefühl Schmerzensgeld beantragen zu müssen weil das was da jedes Mal von Ihrer Seite kommt unter aller Kanone ist 1 Ein Jahr groe Koalition ein Jahr Bundesbildungsund Bundesforschungsministerin Annette Schavan ein gutes Jahr für Deutschland 2 Sehr geehrte Frau Ministerin ich möchte Ihnen auch im Namen der CDUCSUFraktion ganz herzlich für das bisher Erreichte danken insbesondere für die Exzellenzinitiative Ich danke auch den Mitgliedern des Haushaltsausschusses und des Bildungsausschusses 3 für diesen groartigen Bildungsetat 4 Im Bildungsetat 2007 werden die Investitionen in Bildung und Forschung weiter aufgestockt Ich danke Ihnen deswegen ganz besonders für,-0.91103816,Quota Exceeded
621821,2001,bleibt bestehen Es geht nicht darum die Ökosteuer abzuschaffen vielmehr bleibt das dann aufgelaufene Volumen erhalten Es wird weiterhin das ist genauso wichtig der Finanzierung der Rentenversicherung zugute kommen und zu einer Entlastung der Rentenversicherungsbeiträge über 2003 hinaus führen Das ist übrigens auch im Finanzierungsplafond für das Rentenreformgesetz was die Sozialrente angeht ein entscheidender Baustein Davon wird in der Koalition niemand abweichen wollen Überlegungen von diesem Geld etwas für andere Zwecke abzuzweigen verbieten sich weil die Gesetzeslage schlicht und einfach eine andere ist 6 Die Frage des Abschaffens stellt sich also nicht und damit auch nicht die Frage das Volumen der Ökosteuer durch irgendeine andere Steuer zu erwirtschaften zum Beispiel durch die Mehrwertsteuer Da niemand in der Koalition die aufgelaufene Ökosteuer abschaffen will besteht auch keine Notwendigkeit die Mehrwertsteuer entsprechend zu erhöhen 7 Das hat kein Mensch vor 8 Die Rechnung des Kollegen Metzger ist zwar rechnerisch richtig aber politisch,-1.1975522,Quota Exceeded
612520,2000,auch der Pflege von Beziehungen zu den überlebenden Opfern dienen Auch vor dem Hintergrund dieses wichtigen Projektes dessen Bedeutung nicht unterschätzt werden sollte ist die nach wie vor zu beklagende mangelnde Bereitschaft vieler Wirtschaftsunternehmen sich an der Aufbringung des Fondsvermögens zu beteiligen milde formuliert mehr als nur enttäuschend Etwa 200 000 Unternehmen aller Branchen wurden von den Spitzenverbänden der deutschen Wirtschaft aufgefordert der Initiative beizutreten und wenn es stimmt dass bislang nur gut 15 Prozent der Unternehmen der Aufforderung gefolgt sind dann ist das für die deutsche Wirtschaft kein Ruhmesblatt 7 Dies muss insbesondere für diejenigen Unternehmen enttäuschend sein die durch die Gründung der Stiftungsinitiative Verantwortung übernommen haben und für solche Firmen die erst vor wenigen Jahren gegründet wurden die also nie in das nationalsozialistische Unrechtssystem verstrickt waren und die sich trotzdem mit zum Teil erheblichen Beträgen engagieren Von denjenigen Unternehmen die sich bislang vornehm zurückhalten wurde zunächst eingewandt man,0.5008919,Quota Exceeded
724513,2009,notwendige Geld kurzfristig am Kapitalmarkt beschafft Dieses Geschäftsmodell hat so lange funktioniert wie wir einen normalen Zinsmarkt hatten auf dem die langfristigen Zinsen höher waren als kurzfristige Seit einiger Zeit haben wir es aber mit einem völlig atypischen Zinsmarkt zu tun Die kurzfristigen Zinsen sind höher als die langfristigen Wenn wir nichts täten würde in dieser Bank jeden Tag Geld verbrannt Wir müssen sie unter staatliche Hoheit bringen damit sie ein Rating bekommt und sich so refinanzieren kann dass die Rechnung wieder aufgeht Wenn das geschehen ist kann man sie in Ruhe abwickeln ohne Folgeschaden ich sage noch einmal für die kleinen Einleger für die Altersversorgungseinrichtungen für die deutsche Wirtschaft Wir haben gesehen welchen Irrtum die Amerikaner begangen haben als sie Lehman haben pleitegehen lassen Wir wollen kein zweites Lehman Deswegen müssen wir uns darum kümmern Lassen Sie uns mit kühlem Kopf die Fakten aufarbeiten und die richtigen Manahmen treffen,0.30643344,Quota Exceeded
667621,2004,Herr Präsident Meine Damen und Herren Liebe Kolleginnen Liebe Kollegen Herr Kollege Klimke es gibt in Ihrem Antrag einen Absatz der mir sehr gut gefällt und zwar der Absatz über den beschlossenen Wiederaufbau des Stadtschlosses In diesem Punkt stimme ich Ihnen in der Tat aus vollem Herzen und aus voller Überzeugung zu Auch die Idee sich an dem Wiederaufbau der Frauenkirche in Dresden zu orientieren halte ich für eine gute Idee Ansonsten muss ich sagen finde ich Ihren Antrag auerordentlich enttäuschend Es ist richtig die Völker der Welt schauen auf diese Stadt Diese Stadt braucht eine Menge sie hat eine Menge nötig Wenn Sie sich den derzeitigen Senat anschauen dann wissen Sie auch warum Das ist ein Senat der wenig kann und noch weniger macht Sie müssen zugeben Auch Herr Diepgen war als Regierender Bürgermeister nicht jemand der die Stadt Berlin besonders prickelnd dargestellt und der Welt besonders viel Geschmack,-0.69877225,Quota Exceeded
668230,2004,der Toten auf 13 Millionen gestiegen sein Fast 40 Millionen Menschen sind infiziert Das entspricht jedem Zweiten der in Deutschland lebt Das sind ganz Besorgnis erregende Zahlen Sie sollten eine Aufforderung an uns sein mehr zu helfen Kofi Annan hat im letzten Jahr davon gesprochen dass Aids die gröte Massenvernichtungswaffe sei und dass im Kampf dagegen die meisten Regierungen nicht so engagiert seien wie etwa bei der Verfolgung von Terroristen Diese Zustandsbeschreibung trifft aber auf die Bundesregierung nicht zu Wir haben uns im AWZ auf der Grundlage von gemeinsamen Beschlusslagen auf ein verstärktes HIVAidsengagement verständigt Das halte ich für einen richtigen Weg Ich glaube wir müssen den Kreislauf je höher die wirtschaftliche Abhängigkeit je niedriger der soziale Status und je geringer das Bildungsniveau desto ungehinderter erfolgt die Verbreitung der Krankheit wirkungsvoll durchbrechen Ich bin deswegen sehr froh dass wir neben den Mitteln für die bilaterale HIVund Aidsbekämpfung weitere Mittel zur,0.11991814,Quota Exceeded
628051,2001,Ein letzter Satz Nach Vorliegen der Steuerschätzung so hie es aus dem Hause Eichel und auch eben aus des Ministers Mund wolle man nach Berücksichtigung aller anderen Ausgaben sehen ob noch genügend für die Familien übrig bleibe,-2.808501,Quota Exceeded
712940,2008,Frau Merkel solle Frau Birthler als Behördenchefin abziehen 3 klatschen Sie nur Frau Jelpke dann zeigt das für mich wes Geistes Kind Sie sind 4 Der Beauftragte für die StasiUnterlagen wird nach 35 Abs 2 des StasiUnterlagenGesetzes auf Vorschlag der Bundesregierung vom Deutschen Bundestag gewählt 5 Das heit der Vorsitzende der sogenannten Linksfraktion verlangt nichts anderes als dass die Kanzlerin dort eingreift wo das Parlament gesprochen hat Ein sauberes Demokratieverständnis ist das 6 Historisch lässt sich das gut in die Situation Ende 2006 einreihen als der Deutsche Bundestag in breitem parlamentarischen Konsens das StasiUnterlagenGesetz beschlossen hat Jetzt fällt Ihnen Ihr damaliger Änderungsantrag auf die Füe der zum Ziel hatte mit dem Auslaufen der damaligen Frist die Überprüfungsmöglichkeiten zu beenden Sie wollen Schlussstriche und Freisprüche Aber das macht die übergroe Mehrheit des Deutschen Bundestages nicht mit 7 Sie handeln ausschlielich aus eigenem Interesse 8 Die Causa Gysi bestätigt die Richtigkeit der,-1.6315203,Quota Exceeded
688478,2006,Denn auch heute gilt Hartz IV ist ein schlechtes Gesetz Hartz IV muss weg Ich danke Ihnen 0,-6.2405353,Quota Exceeded
610529,2000,uns gelingt dass die GrundrechteCharta die Vielfalt Europas widerspiegelt wenn die spezifischen nationalen Grundrechtstraditionen berücksichtigt werden dann ist uns so glaube ich ein gutes Stück Arbeit auf dem Weg der Integration gelungen und dann kann die GrundrechteCharta die Hoffnungen erfüllen die wir mit ihr verbinden Ich glaube wir alle sind bereit das ist heute deutlich geworden dazu einen Beitrag zu leisten Vielen Dank 6,-1.5930586,Quota Exceeded
663716,2004,VwGO bedeutet Verwaltungsgerichtsordnung und VA bedeutet Verwaltungsakt Jetzt will ich Ihnen die Vorschrift in 124 a Abs 4 Satz 5 VwGO erklären Bisher ist es so gewesen dass man wenn man den Antrag auf Zulassung der Berufung beim Verwaltungsgericht gestellt hat nach einer bestimmten Frist den Zulassungsantrag hat begründen müssen Das Kuriose ist dass der Antrag auf Zulassung der Berufung a quo behandelt wird Also Entscheidend ist woher er kommt Es gibt einen Richter a quo und einen Richter ad quem Nachher machen wir noch ein Stündchen Latein und Rechtssprache 4 Der Antrag musste also beim Verwaltungsgericht gestellt werden In der Zwischenzeit sind die Verfahrensakten an das OVG oder an den VGH gegangen Der Anwalt hat vom OVG Bescheid bekommen dass der Berufungszulassungsantrag eingegangen ist Er oder sein Geschäftsbetrieb hat dann aus der Macht der Gewohnheit die Begründung direkt an den VGH oder an das OVG geschickt Weil das der,-3.4239218,Quota Exceeded
660149,2004,11 Ich will noch eines sagen Es gibt in diesem Gesetz sicherlich Punkte die wir noch verändern müssen um die betriebliche Ausbildung stark zu machen Von der Opposition habe ich hier aber kein einziges Wort über die Situation der Jugendlichen gehört Stattdessen haben Sie darüber philosophiert ob das Gesetz zustimmungsbedürftig ist oder nicht Das interessiert die Jugendlichen nicht 12 Sie brauchen Angebote 13 Ich sitze nicht auf den Ohren Herr Merz Ich habe ganz genau gehört was Sie gesagt haben Ihr einziger Vorschlag war die Vergütung für Auszubildende zu senken Keinen anderen Vorschlag haben Sie gemacht Das ist billig 14,-1.5314314,Quota Exceeded
632694,2002,eine Debatte zu dieser Zeit und in diesem Umfang für eine Farce Schlielich soll mit diesem Antrag die Absicht der Fraktionen der SPD und des Bündnisses 90Die Grünen begründet werden über die Finanzierung weiterer 33 Militärairbusse mit einem Volumen von mehr als 35 Milliarden Euro mit dem Bundeshaushalt 2003 zu entscheiden Damit wäre der Parlamentsvorbehalt nach Ihrer Auffassung aufgehoben Würden wir der Aufsetzung zustimmen und würde damit eine Mehrheit diesem Antrag die Zustimmung geben wäre das Budgetrecht des Parlaments ausgehöhlt und das wurde hier schon gesagt das Grundgesetz besonders Art 110 verletzt 0 Wenn Sie wollen dass die Bundeswehr mit 73 Militärairbussen ausgestattet wird wir wollen das nicht dann können Sie den Parlamentsvorbehalt nach geltendem Recht mit einem Nachtragshaushalt 2002 über den im Haushaltsausschuss des Bundestages und im Plenum gründlich diskutiert werden muss auflösen Mit der heutigen Aufsetzung des Antrags würde dieses verfassungsund budgetrechtlich vorgesehene Prozedere umgangen Dem können wir nicht zustimmen deshalb stimmen wir auch Ihrem Antrag nicht zu Danke schön 1,-1.7165271,Quota Exceeded
653839,2003,ernst meinen mit der Umstellung von Wirtschafts und Lebensformen und dass wir zu Hause zum Klimaschutz bereit sind Denen die skeptisch sind müssen wir zeigen dass Klimaschutz im eigenen Land ohne wirtschaftliche Einbuen möglich ist und dass Klimaschutz im Gegenteil sogar ein Innovationsmotor ist Deswegen wäre ein völliger Ersatz von Klimaschutz im eigenen Land durch Projekte im Ausland auch strategisch falsch 9 Ihr Antrag ist drittens auch klimapolitisch falsch Das ist ein ganz wichtiger Punkt Frau Köhler Sie haben ja eben dazwischengerufen Dem Klimaschutz ist es doch egal wo die Emissionen eingespart werden 10 Diese Sichtweise ist kurzfristig eindeutig richtig Auf lange und auf mittlere Sicht ist sie es aber nicht und das aus einem ganz einfach Grund Um den Klimawandel einigermaen in den Griff zu bekommen und ihn abzumildern brauchen wir über viele Jahre und Jahrzehnte stetige Fortschritte Auch hier ist es hilfreich in die EURichtlinie auf die sich,-2.1250093,Quota Exceeded
632161,2001,Bundesamtes für die Anerkennung ausländischer Flüchtlinge aber auch mit damit befassten Entscheiderinnen selbst zu sprechen Mittlerweile werden die Spielräume besser genutzt Das neue Zuwanderungsgesetz das heute Morgen auf den Weg gebracht wurde wird so hoffe ich dieser Petition Rechnung tragen 2 Nichtsdestotrotz will ich Ihnen noch ein Beispiel präsentieren das zeigt wie Verwaltungshandeln manchmal nicht im Sinne des Bürgers durchgeführt wird und wo wir sehr viel nachhelfen müssen In diesem Fall geht es um ein Ehepaar mit zwei Kindern in RheinlandPfalz also sozusagen die klassische deutsche Familie 3 Ja mit zwei Kindern Irgendwann hat sich das Ehepaar entschlossen sich zu trennen Die Trennung ist einigermaen gut vonstatten gegangen Man hat der Einfachheit halber vereinbart dass der Mann Unterhalt zahlt und dass das Kindergeld weiterhin über den Arbeitgeber des Ehemanns ausgezahlt wird und dieser es an seine Ehefrau weitergibt 4 Das hat er immer getan Die Ehefrau hat eine eidesstattliche Versicherung,-1.5120318,Quota Exceeded
654707,2003,los Herr Bundeskanzler wir kommen nun zu einem wirklich spannenden Thema Was bedeutet Patriotismus Bedeutet Patriotismus wie ein Karnickel auf die Schlange zu starren ob irgendwo auf der Welt Wachstum entsteht wovon wir vielleicht Brosamen abbekommen könnten Oder bedeutet Patriotismus vielmehr daran zu glauben dass wir aus eigener Kraft Wachstum generieren können indem wir die richtige Politik machen 20 Sie haben doch davon gesprochen dass der Anteil Deutschlands am Wachstumspotenzial in Europa 30 Prozent ausmacht Deshalb ist es doch unsere nationale Pflicht im Sinne der europäischen Erfolgsgeschichte unseren Beitrag dazu zu leisten 21 Herr Po deswegen müssen wir nicht zustimmen Das war wieder eine Ihrer genialen Bemerkungen Wir müssen uns stattdessen darüber verständigen was die aussichtsreichsten Schritte sind um genau das zu erreichen 22 Es ist doch ganz unbestritten dass das jetzt für das nächste Jahr prognostizierte Wirtschaftswachstum das schlechteste und wankendste ist welches es nach einem Abschwung in einer,-1.505481,Quota Exceeded
727880,2009,Die jungen Leute fordern dass Bildung eine öffentliche Aufgabe bleibt Auch dem stimmen wir zu Es ist die Aufgabe des Staates für ausreichende Kitaplätze gute Schulen und offene Hochschulen zu sorgen 6 Das gilt keine Frage auch für die Ausgestaltung von Bachelor und Master Da müssen wir gegenüber der Kultusministerkonferenz den Anspruch haben dass kontrolliert wird was gut ist und was schlecht ist und dass die Hausaufgaben gemacht werden Es bleibt natürlich die Aufgabe des Staates für den sozialen Ausgleich zu sorgen Darum denke ich dass der vierte Punkt sehr wichtig ist Die jungen Leute fordern keine Studiengebühren zu erheben 7 Es gibt kein unsozialeres Ausschlusskriterium als Studiengebühren 8 Darum gibt es in keinem SPDregierten Land allgemeine Studiengebühren 9 Der fünfte und letzte Punkt den ich erwähnen möchte ist die finanzielle Ausstattung die Sie ja auch schon angesprochen haben Frau Pieper Die jungen Leute sagen Wir brauchen mehr Geld und,-2.1272192,Quota Exceeded
713880,2008,Herr Beck für mich war im Zuge der integrationspolitischen Debatte besonders eindrucksvoll dass ich zu dem Thema Deutsch auf den Schulhöfen Berlins von grünen Abgeordneten die Mitteilung bekam das sei eine Zumutung Mittlerweile hat sich glücklicherweise die Einsicht breit gemacht dass Deutsch als Verständigungsmöglichkeit in Schulen selbstverständlich ist 0 Ich glaube dass die Grünen damals zu Beginn dieser Debatte noch gar nicht begriffen haben welche bildungspolitische Bedeutung der Erwerb der deutschen Sprache hat 1 Im Übrigen möchte ich Herrn Singhammer antworten Ich habe die Mitteilung bekommen dass sich die Ministerin nicht die ganze Debatte hier aufhalten wird aber noch zu Beginn meiner Rede da sein wird Sie war es nicht Ich stelle fest dass jetzt auch schon Frau Künast gegangen ist So viel zur Aufmerksamkeit hinsichtlich der Debatte zur Familienpolitik die wir angeregt haben 2,-2.0855873,Quota Exceeded
612789,2000,Herzlichen Dank Hier heit es Wie es ab 2002 weitergeht bleibt abzuwarten Ich schliee nicht aus dass der Umzugsbeschluss und damit die Aufgabenteilung BonnBerlin dann auf den Prüfstand kommen Weiter äuerte sich der Bundeslandwirtschaftsminister dazu was dies konkret für das Ministerium bedeutet Darüber kann man nur spekulieren Warten wir es also ab Dann hat die Sprecherin des Ministeriums noch einen draufgesetzt und gesagt Bonn geht es doch besser als je zuvor Die Stadt hat überhaupt nicht mit den nachteiligen Folgen des Umzugs zu kämpfen Vor diesem Hintergrund verstehe ich nicht was es da für Sorgen gibt Ob man ein Gesetz einhält oder es bricht wird also mittlerweile davon abhängig gemacht ob es demjenigen dem Rechte aus dem Gesetz zustehen gut oder nicht gut geht Hier muss man den Eindruck haben dass Sie sich längst von dem BerlinBonnGesetz verabschiedet haben und dass es Ihnen nicht mehr um seine Einhaltung geht sondern,-1.7968459,Quota Exceeded
633255,2002,die man im Ausschuss nicht auf den Tisch gelegt hat 0,-7.2061605,Quota Exceeded
716267,2008,Ich hätte jetzt meinen letzten Satz gesagt Bitte schön Frau Flach,-7.6218433,Quota Exceeded
652587,2003,Ist Ihnen auch bekannt dass die Zahl für ganz Deutschland gilt,-7.7028627,Quota Exceeded
668098,2004,Ich bitte um Zustimmung zum Haushalt des Auswärtigen Amtes Vielen Dank für Ihre Aufmerksamkeit 0,-6.868354,Quota Exceeded
625625,2001,Hat die GEBB in keinem Fall das ist die zweite Frage,-8.3655615,Quota Exceeded
705532,2007,Deshalb kann das ganze Haus dem Haushalt zustimmen Ich danke Ihnen 0,-8.914471,Quota Exceeded
636499,2002,Ja mit Freude Frau Wolf Ich habe schon die ganze Zeit darauf gewartet Bitte,-9.351859,Quota Exceeded
716827,2008,Ja bitte natürlich Ich habe doch gesagt dass ich Zeit habe,-10.367361,Quota Exceeded
656258,2004,In diesem Fall bin ich auf die Antwort auf meine zweite Frage gespannt,-6.7896132,Quota Exceeded
623028,2001,Ich muss Schluss machen das tut mir aber wirklich Leid Ich denke das was ich gesagt habe war wichtig genug 0,-7.6456614,Quota Exceeded
702081,2007,Ich komme jetzt auch zum Schluss Das habe ich genau geplant,-9.281624,Quota Exceeded
607547,2000,Ja bitte Aber das ist die letzte Frage die ich zulasse,-8.859026,Quota Exceeded
731737,2009,Ich möchte wenigstens das Zitat von Mumia AbuJamal zu Ende bringen,-8.390063,Quota Exceeded
727817,2009,Der Kollege Ernst kann gerne meine Redezeit durch eine Zwischenfrage verlängern,4.281809,Quota Exceeded
648833,2003,ein neuer Konsensstil angemessen wäre Wir werden uns in vielen Bereichen ganz fürchterlich verhaken Wir stimmen zu weil wir den Krankenhäusern den darin arbeitenden Menschen und den Patienten vernünftige Rahmenbedingungen und vor allen Dingen Planungssicherheit geben müssen damit sie in der unverändert knappen Zeitschiene die notwendigen Anpassungsvorgänge vornehmen können 8 Ich denke das sind wir den noch 2 239 Krankenhäusern mit über 1 Million Mitarbeitern und den in den Einrichtungen betreuten Patienten schuldig 9,3.6864595,Quota Exceeded
677031,2005,Sehr geehrter Herr Präsident Sehr geehrte Damen und Herren Hans ich glaube während du sonst immer relativ fair für die kleinen und mittelständischen Unternehmen sprichst hast du ihnen heute einen groen Bärendienst erwiesen 0 Was du hier verteidigt hast ist eigentlich ein bisschen unter der Würde der ehrlichen Handwerker,3.739609,Quota Exceeded
698147,2007,Meine Damen und Herren nur wenn wir dieses Programm langfristig gemeinsam angehen können wir unsere Gesellschaft vor einer katastrophalen Entwicklung und viele junge Menschen vor einem Irrweg der ihr Leben ruiniert bewahren Danke 0,4.579547,Quota Exceeded
707916,2008,Herr Präsident vielen Dank für den Hinweis Meine Bitte ist gemeinsam zu überlegen wie wir es erreichen können dass netto mehr bei den arbeitenden Menschen bei den Leistungsträgern ankommt Schönen Dank 0,3.7269096,Quota Exceeded
655400,2003,Frau Staatssekretärin haben sich die Kriterien zwischen 1998 und 1999 geändert Sie haben vorhin von 30 Millionen in 1998 und 300 Millionen in 1999 gesprochen während Ihre Ministerin von 18 Millionen und 300 Millionen geredet hat Für mich gibt es hier diverse Differenzen Wenn wir die Berechnungsmethoden von 1999 zugrunde legen wie sähe dann die Zahl von 1998 aus,4.481422,Quota Exceeded
725126,2009,Danke Herr Präsident Wie sieht die Bundesregierung die in der Türkei gegen regierungskritische Mediengruppen verhängten immens hohen Strafen Beispielsweise waren es bei der DoganGruppe 385 Millionen Euro nur weil irgendetwas verspätet eingereicht worden ist Meinen Sie nicht dass hierbei wiederum die regierungskritischen Medien mundtot gemacht werden sollen oder die Pressefreiheit ganz erheblich eingeschränkt werden soll,4.243359,Quota Exceeded
707562,2008,Lieber Herr Kollege Sie ermöglichen mir eine längere Redezeit Das ist schön,5.0293493,Quota Exceeded
721337,2009,ja die vor allen Dingen politisch sehr instabil sind Vielen Dank 0,4.0878935,Quota Exceeded
646250,2003,Sorry Frau Merkel Ihre Politik ist inkonsistent Wie Sie versuchen Ihre inneren Widersprüche Herr Glos hat heute Morgen erklärt er verstehe die Politik von Herrn Bush nicht zu kaschieren indem Sie diese Bundesregierung angreifen ist schändlich,5.2372675,Quota Exceeded
699002,2007,Ja Können Sie mir die Frage beantworten wer Herrn Minister de Maizire als Bundesminister kontrolliert,3.8464909,Quota Exceeded
653863,2003,Da er meinen geistigen Höhenflug nur unterbrechen kann darf er gern eine Frage stellen,4.9811497,Quota Exceeded
729844,2009,finden die wir zur Lösung der Probleme anbieten Die Zeiten sind nicht einfach 14 Die Zeiten sind wirklich nicht einfach sie sind schwer Wir dürfen unsere jungen Leute nicht im Regen stehen lassen 15 Wenn Sie es ernst meinen dann arbeiten Sie mit Wir bieten Ihnen an mit Ihnen gemeinsam etwas für unsere jungen Leute zu verändern und ihnen eine Perspektive zu geben 16 Wir werden die Vorarbeit liefern und wir würden uns freuen wenn Sie sich dem einen oder anderen anschlieen könnten 17,3.9234376,Quota Exceeded
767205,2012,in Österreich Feiertag ist müssen die Lkw bei uns auf dem Seitenstreifen parken weil sie nirgends sonst halten können ein unhaltbarer Zustand sowohl für die Fahrer aber auch für die übrigen Verkehrsteilnehmer die regelmäig Gefahr laufen einen dort rechtswidrig parkenden Lkw zu übersehen Wir alle haben noch die dramatischen Unfälle vor Augen bei denen ein Pkw in einen parkenden Lkw rast Hier ist seit 2008 viel getan worden Wir haben uns die Zielvorgabe gesetzt die LkwParkplätze an unseren deutschen Autobahnen deutlich auszubauen Das ist wirklich ein wichtiger Punkt der nicht wenig Geld kostet aber sicherlich unumgänglich sein wird 11 000 solcher Parkplätze wollen wir bis Ende 2012 erreichen Auch das hat etwas mit Verkehrssicherheit zu tun Wir haben darüber ob eine Helmpflicht eingeführt werden soll oder nicht ausführlich diskutiert Meine Partei ist nicht unbedingt verdächtig eine reine Verbotspartei zu sein Entsprechend hat es auch durchaus Aufruhr gegeben und es wurde,0.24939221,Quota Exceeded
770784,2012,in Ihrem Antrag tun Sie so als sei die Regierung untätig 2 Sie kennen doch die Redensart Wer mit dem Finger auf andere zeigt der sollte immer bedenken dass drei Finger auf ihn zurückzeigen Was haben Sie für den Anlegerschutz getan Sie haben die Hedgefonds zugelassen und damit die Büchse der Pandora geöffnet Wir hingegen haben die spekulativen Anlageformen wie ungedeckte Leerverkäufe verboten Haben Sie dafür gesorgt dass Anleger besser über Produkte informiert werden Nein Wir haben den Anlegerschutz gestärkt und Produktinformationsblätter zur Pflicht gemacht sowie die Regelungen zu Sanktionen bei Falschberatung verschärft Ich gebe zwar zu dass es in diesem Bereich noch Verbesserungsbedarf gibt weil sich manche immer noch einen schlanken Fu machen das ist nicht akzeptabel aber auch hier werden wir nachbessern 3 Diejenigen die jetzt rufen sollten sich schon fragen Wer hat denn dafür gesorgt dass der graue Kapitalmarkt Regeln unterworfen wurde Das waren nicht Sie sondern,-0.7664531,Quota Exceeded
755647,2011,Ich möchte gerne noch einen Punkt ansprechen nämlich den Missbrauch des Ehrenamtes 0 Nein nein ich bin gleich fertig Wir selbst haben uns im Unterausschuss ausgiebig damit beschäftigt Es gibt die Tendenz dass für Tätigkeitsfelder in bestimmten sozialen Bereichen Stellen ausgeschrieben werden nämlich 400EuroJobs zuzüglich der Übungsleiterpauschale Wir alle kennen das Problem und warten auf die Antwort der Bundesregierung auch im Rahmen der nationalen Engagementstrategie auf die Frage wie sie diesen Missbrauch mit entsprechenden gesetzlichen Manahmen unterbinden wird Das bürgerschaftliche Engagement wird dadurch nämlich diskreditiert und es wird nicht dafür geworben dass sich mehr Menschen für die Gesellschaft einbringen wenn sie ausgenutzt werden und wenn auf diese Weise eine sozialversicherungspflichtige Beschäftigung umgangen wird Vielen Dank 1,-0.6896292,Quota Exceeded
784344,2013,die auf Dauer ein Betreuer in allen Angelegenheiten bestellt ist und solche die sich infolge einer richterlichen Anordnung in einer psychiatrischen Klinik aufhalten müssen weil sie eine Straftat begangen haben und von ihnen aufgrund ihrer Krankheit weitere rechtswidrige Taten zu erwarten sind vom Wahlrecht ausgeschlossen sind 12 Dies betrifft übrigens nur eine überschaubare Zahl von Betroffenen Die Grünen wissen natürlich auch dass das Prinzip der Demokratie im Kern verletzt wäre wenn wir hier zu einer anderen wesentlichen Entscheidung kämen Ihre Motive sind in meinen Augen durchschaubar und wenig ehrenhaft 13 denn die Wahrheit ist dass die groe Mehrzahl der Menschen mit Behinderungen das muss man den Betroffenen und ihren Angehörigen sagen natürlich das Wahlrecht hat Das Betreuungsrecht ist gerade darauf ausgerichtet die Selbstbestimmung Betroffener so weit wie möglich zu erhalten Demzufolge wird den Menschen mit teilweiser Betreuung das Wahlrecht gewährt Jemand dem anderweitig ein Betreuer zugeordnet ist weil er aus,0.69359237,Quota Exceeded
772749,2012,wirtschaftliche Entwicklung über Jahre hinweg unverändert anhalten wird Deshalb wollen wir die beim Gesundheitsfonds liegenden Rücklagen auch als Vorsorge für wirtschaftlich schlechte Zeiten betrachten 4 Ich wundere mich sowieso über Ihre Spendierfreudigkeit Wir erinnern uns noch gut daran wie Sie in Ihrer Regierungszeit fortwährend nach zusätzlichen Einnahmequellen im Gesundheitswesen gesucht haben Wir haben auch nicht vergessen dass wir nach Bildung der christlichliberalen Koalition vor der Situation standen ein drohendes Defizit der GKV in zweistelliger Milliardenhöhe abwenden zu müssen Verglichen mit Ihrer Regierungszeit haben wir es jetzt fast mit einem Luxusproblem zu tun dies aber nur deshalb weil wir erstmals seit vielen Jahren für eine mittelfristig stabile und verlässliche Finanzierung unseres Gesundheitssystems gesorgt haben 5 Meine Damen und Herren den einzelnen Kassen steht es doch frei zumindest Teile ihrer Rücklagen in Form von Prämien oder Erstattungen an ihre Versicherten zurückzugeben Das wäre im Übrigen durchaus systemkonform denn wo es Zuzahlungen gibt,0.37557906,Quota Exceeded
838859,2016,einfach einmal sagen Liebe Koalition das habt ihr gut gemacht 4 Liebe Kolleginnen und Kollegen das Schienennetz muss wachsen Ohne ein starkes Schienennetz werden wir das Ziel Weg vom Öl bis 2050 nicht schaffen Guter Service bei attraktiven Preisen Pünktlichkeit und Zuverlässigkeit muss das Markenzeichen der Eisenbahnen in Deutschland sein Wir haben in der Groen Koalition einiges erreicht Pendlerinnen und Pendler profitieren jedes Jahr von 1 Milliarde Euro zusätzlich für den Regionalverkehr Bröckelnde Brücken und Langsamfahrstrecken werden mit zusätzlichen Mitteln für den Erhalt durch die neue Leistungs und Finanzierungsvereinbarung beseitigt Zusätzliches Eigenkapital und der Verzicht auf einen Teil der Dividende bei der Deutschen Bahn helfen dem Unternehmen in neue Züge und zusätzliche Strecken im Personenfernverkehr zu investieren Offensichtlich reicht das jedoch nicht 5 Die Schiene steht im Wettbewerb der Verkehrsträger weiter unter massivem Druck Ein zentrales Problem ist dass sie zu teuer ist Darüber hinaus muss sie innovativer und auch,1.2538439,Quota Exceeded
1032380,2019,Frau Präsidentin Werte Kollegen Die Bundesregierung kennt keine Eile Ein 14 Jahre altes Informationsfreiheitgesetz ist noch gut das hält noch ein bisschen am besten stellt man es kalt In diesen 14 Jahren die meisten unter einer Kanzlerin Merkel hat die Bundesregierung ein paar wichtige Lektionen gelernt Nicht dass man Gesetz auch an neue technologische Möglichkeiten anpassen könnte auch nicht dass eine Politik gegen das eigene Volk zu Stimmenverlusten führt Aber sie hat gelernt dass sie nun wirklich keine Öffentlichkeit und keine Transparenz gegenüber ihren potenziellen und ehemaligen Wählern gebrauchen kann Fällt das Licht auf die Tätigkeit der vergangenen Kabinette sieht man eine aufgescheuchte Herde getrieben von der jeweils aktuellsten Umfrage und der letzten Demo in Kanzleramtsnähe Die fehlende Kompetenz wird so hofft man durch teure Berater ersetzt Ja wer seine Geschäfte so führt der will sicherlich keine Transparenz Wenn man wirklich will genug Zeit und ein wenig Geld hat und,0.65221167,Quota Exceeded
1029558,2019,Strafe bedroht ist Begeht also ein Täter etwa eine Körperverletzung und eine sexuelle Belästigung gleichzeitig ist die Rechtslage im Moment so dass er nicht wegen sexueller Belästigung bestraft werden kann dass diese Tat also nicht im Schuldspruch berücksichtigt werden kann Häufig empfinden Opfer doch gerade die sexuelle Belästigung als schwerwiegender sind eher dadurch traumatisiert als beispielsweise durch die Körperverletzung Deswegen stellen wir mit diesem Gesetz klar dass eine Bestrafung wegen sexueller Belästigung nur dann ausscheidet wenn die Tat schon nach einem anderen Straftatbestand strafbar ist der auch die sexuelle Selbstbestimmung schützt Liebe Kolleginnen und Kollegen wir müssen weiter gegen Straftaten gegen die sexuelle Selbstbestimmung vorgehen Das müssen wir in erster Linie machen indem wir die Sicherheitsbehörden stärken mehr Personal bei den Jugendämtern bei der Polizei und auch bei der Justiz Aber wir müssen auch zu Verbesserungen im Strafgesetzbuch kommen Wir können es nicht hinnehmen dass weiterhin so viele Kinder misshandelt werden Dem dient dieses Gesetz Stimmen wir ihm zu Vielen Dank 3,-0.33468372,Quota Exceeded
787569,2013,bei den schönen Worten die Sie hier vorgelegt haben um das Ganze zu verschleiern Dritter Punkt Die Abfrage von Kommunikationsdaten ist bei allen Straftaten und Ordnungswidrigkeiten möglich Da müssen wir einmal festhalten dass es krass unverhältnismäig ist bei solch sensiblen Daten damit Ordnungswidrigkeiten aller Art zu verfolgen Das kann hier doch nicht allen Ernstes als fortschrittlich verkauft werden liebe Kolleginnen und Kollegen 9 Lieber Kollege Hartmann man hätte wie es in der Sachverständigenanhörung vorgeschlagen wurde ich glaube dieser Vorschlag kam sogar von Ihren Sachverständigen im Falle der Ordnungswidrigkeiten zumindest konkret etwas aufführen können aber das ist leider nicht geschehen Vierter Punkt Durch die Kompetenzen die hier eingeräumt werden wird das BKA weiter zu einer allumfassenden Internetpolizei ausgebaut 10 Das ist eindeutig so Auch das ist zu kritisieren Das wollen wir nicht 11 Ich fasse zusammen Was die ganz groe Koalition hier vorgelegt hat und mit groem Brimborium als eine Verbesserung verkauft ist um es einmal in der extremsten Form diplomatisch auszudrücken Augenwischerei 12 Es ist eine Ausweitung von Überwachungsbefugnissen Wir brauchen aber eine massive Beschränkung und Einschränkung von Überwachungsbefugnissen Deswegen wird die Fraktion Die Linke diesen Gesetzentwurf selbstverständlich ganz deutlich ablehnen Schönen Dank 13,-0.11308527,Quota Exceeded
795382,2014,Sehr geehrte Frau Präsidentin Kolleginnen und Kollegen Vor einem Jahr haben wir zum ersten Mal das Mandat Active Fence auf den Weg gebracht Ich kann mich noch gut an die Diskussion damals erinnern Der Fraktionsvorsitzende der Linken beispielsweise hat vom Einmarsch der Deutschen im Nahen und Mittleren Osten gesprochen und gesagt dass wir zur Kriegspartei werden Dagegen hat der Vertreter der Linken heute vergleichsweise abgerüstet und sogar den einen oder anderen nicht ganz uninteressanten Ansatzpunkt gebracht 0 Ich hoffe Herr van Aken dass Sie bei so viel Lob von der Union heute keine Probleme in Ihrer Fraktion bekommen Seit letztem Jahr schützt die NATO unseren Partner Türkei mit der PatriotRaketenabwehr vor Angriffen aus Syrien Seither sorgt die NATO für die Sicherheit von Millionen türkischen Bürgerinnen und Bürgern und verhindert möglicherweise auch ein Überschwappen des Bürgerkrieges in die Türkei Eine Verlängerung ist weiterhin nötig denn das syrische Regime verfügt über ballistische,1.3675478,Quota Exceeded
1023301,2019,Sehr geehrter Herr Präsident Liebe Kolleginnen und Kollegen Meine sehr geehrten Damen und Herren Das Leben ist zu schützen Das ist der oberste Grundsatz unserer Verfassung Das gilt auch und gerade für das ungeborene Leben Es liegt in der Natur der Sache dass wir Menschen verschieden sind Die Unterschiede können mal gröer und mal kleiner sein Aber wir sind nun mal verschieden und das müssen wir akzeptieren In Deutschland haben wir viele Unterstützungsleistungen geschaffen mit denen wir gerade dieser Vielfältigkeit entgegenkommen und die dafür sorgen dass jeder sein Leben so gestalten kann wie er es möchte Mal ist es komplizierter mal ist es weniger kompliziert Daher muss niemand Sorge haben mit eventuellen Beeinträchtigungen nicht am gesellschaftlichen Leben teilhaben zu können Wir sind dabei dies weiter zu verbessern Daher braucht sich auch niemand zu rechtfertigen insbesondere dann nicht wenn ein Kind mit einer Beeinträchtigung zur Welt gekommen ist Das Leben ist,1.5261595,Quota Exceeded
1017358,2018,kulturellen Wert handwerklicher Fertigkeiten mit dem wir unseren Antrag auch begründen Ich denke hier vor allem an die vielen kunsthandwerklichen Berufe und Gewerke zur Herstellung von Musikinstrumenten wie Geigenbauer Orgelbauer Klavier und Cembalobauer und andere In all diesen Gewerken wurden mit der Abschaffung des Meisterbriefs wertvolles Wissen und Tradition vernichtet Über viele Jahrhunderte gewachsenes kulturelles Kapital geht hier verloren Das kommt dabei heraus wenn RotGrün an die Macht kommt 4 Das deutsche Handwerkswesen ist auch Ausdruck unseres kulturell tief verankerten Qualitätsbewusstseins Dazu gehört eine bestimmte Haltung zur Arbeit zum Beispiel die typisch deutsche Gewissenhaftigkeit die auch viel mit Verantwortungs und Gemeinschaftsgefühl zu tun hat Es ist unsere historische Pflicht diese kulturellen Werte zu erhalten Das sind wir den groen Meistern vor uns und den Generationen die nach uns kommen schuldig 5 Dafür setzt sich die AfD ein und unsere Position ist dabei nicht verhandelbar Ja Frau Özouz es gibt eine,-0.4852056,Quota Exceeded
755596,2011,sondern daneben auch den Einsatz von Stromspeichern attraktiver zu machen kommt darin auch vor Daher werden wir uns für die Schaffung von Anreizen für marktgerechtes Verhalten der EEGAnlagenbetreiber einsetzen Herr Becker die Frage wird lauten wie sich die Opposition verhalten wird wenn man versucht über das EEG dahin gehend zu fördern Es gibt Überlegungen hinsichtlich zusätzlicher Anreizprogramme zur Schaffung von Speicherkapazitäten Es gibt verschiedene Vorschläge vonseiten der Industrie Ich glaube das wird der Bereich sein in dem etwas zu machen ist Wir dürfen uns nicht nur auf die Netze und deren Ausbau konzentrieren sondern müssen über den Tellerrand hinausblicken Gleichzeitig werden die Netze auf alle Fälle ausgebaut werden Für die Bevölkerung werden sich Nachteile ergeben Das wird zu Widerstand in der Bevölkerung führen Für diesen Bereich hat Herr Trittin bereits Ihre Unterstützung zugesagt Aber auch für den Bereich Pumpspeicherkraftwerke werden wir sicherlich mehr Unterstützung von Ihrer Seite benötigen Wir werden,-0.26257822,Quota Exceeded
832239,2016,Jahren unsere Schlüsse gezogen haben Ich bin sehr dankbar dass wir auch in kleinen Schritten die deutschrussische Freundschaft miteinander pflegen Auenminister Steinmeier hat auf die Stiftung DeutschRussischer Jugendaustausch hingewiesen und der Kollege Kastner wies darauf hin dass wir in diesem Jahr das Jahr des Jugendaustausches zwischen uns und Russland begehen Ich danke all denen die in diesem Jahr Veranstaltungen durchführen sei es beispielsweise das Deutsche Historische Museum oder das DeutschRussische Museum zum Beispiel am Sowjetischen Ehrenmal im Tiergarten Ich danke auch denen die mit vielen kleinen Schritten dazu beitragen dass die groen Linien der Politik fortgetragen werden Ich danke Ihnen sehr herzlich 0,-1.5056624,Quota Exceeded
832837,2016,wahrscheinlich ähnlich wie die Schleuserbekämpfung ins Leere laufen Also Das läuft so nicht Abgesehen davon Wenn Waffenschmuggel bekämpft werden soll dann sollten die Europäer und auch Deutschland aufhören Waffen in die Region zu liefern 1 Es ist doch zynisch den Waffenschmuggel nach Libyen unterbinden zu wollen und gleichzeitig Waffen dorthin zu liefern Das verstehe ich nicht Der andere Ansatz lautet Aufbau eines Küstenschutzes Mir ist nicht klar wer ausgebildet werden soll und welche Kriminellen oder Islamisten darunter sein werden Das ist alles nicht geklärt aber der Auftrag steht Ich bin gespannt was dabei herauskommt Die Erfolgsstory anderer Ausbildungsmissionen lässt nichts Gutes erahnen Aber was den Begriff Küstenschutz angeht Es ist doch der eigentliche Auftrag eines Küstenschutzes Gefahren von auen abzuwehren Hier geht es nicht primär darum das wurde gerade noch einmal deutlich Gefahren von auen abzuwehren es geht vielmehr darum Flüchtende Menschen daran zu hindern über Libyen und das Mittelmeer,-1.7669591,Quota Exceeded
1012643,2018,Ich glaube das ist ein bisschen spitzfindig 0 Wenn man sich die damaligen Auseinandersetzungen anschaut dann muss man sagen Natürlich ist in der Konsequenz für oder gegen Stuttgart 21 abgestimmt worden Ich glaube das ist an der Stelle etwas spitzfindig weil diejenigen die Stuttgart 21 nicht wollten was ihr gutes Recht gewesen ist dann versucht haben das Projekt durch diese Abstimmung zu verhindern Insofern glaube ich schon dass es so ist 1,-3.1222024,Quota Exceeded
796655,2014,sehr wichtig ist nämlich das EUamerikanische Freihandelsabkommen Ich hatte Sie eigentlich darauf ansprechen wollen dass Ihr 80seitiger Bericht nur einen Halbsatz zu diesem Freihandelsabkommen enthält Da Sie das Thema in dieser Debatte aber angesprochen haben bin ich erst einmal erleichtert denn Sie haben erkannt dass wir im Plenum über dieses Thema diskutieren sollten 5 Was Sie zum Freihandelsabkommen gesagt haben trägt aus meiner Sicht nicht zu der ernsthaften Debatte bei die wir dazu führen müssen Sie hätten nämlich sagen müssen wie wir es schaffen können die Umwelt Verbraucher und Sozialschutzstandards in der Europäischen Union zu sichern Das hätten Sie erklären müssen Denn selbst Herr Bercero der Chefunterhändler der EU der wie Herr Pfeiffer richtig sagt am Montag bei uns im Wirtschaftsausschuss war hat bestätigt dass es aktuell Probleme mit dem Thema Investitionsschutzklausel gibt 6 Wir denken uns das nicht aus Es geht dabei nicht darum über Risiken und Chancen zu,-1.3665218,Quota Exceeded
1019866,2019,brauchen KI eben auch in der Fläche Ich denke das ist realistisch aber das ist kein Selbstläufer Vieles wird davon abhängen wie gerade im Mittelstand die Chancen von KI genutzt werden Da haben wir einen gewissen Aufholbedarf Wenn man sieht wie viele Mittelständler heute in KI investieren dann ist das doch noch ziemlich zurückhaltend Im Vergleich zur Industrie ist es eben so dass Entwicklungsabteilungen dass ITAbteilungen mit dem Tagesgeschäft meistens schon ziemlich gut ausgelastet sind und dass auch in den Führungsetagen wenig Zeit ist sich mit dem Thema KI auseinanderzusetzen Hier gilt es aufzupassen dass wir Potenziale nicht verschenken dass wir auch ganz klar sehen Viele Schlüsseltechnologien können durch KI auf neue Innovationsstufen gehoben werden Aber es geht eben nicht nur um Produktivitätssteigerungen Es geht um komplett neue Geschäftsmodelle Es geht um neue Produkte Es geht auch darum Organisationskulturen und Prozesse ganz neu zu denken 2 Hier sind wir auch,-2.4309995,Quota Exceeded
836592,2016,liebe Kolleginnen und Kollegen der dem Respekt vor und dem Schutz von Familien zukommt dieser Verfassungsrang bezieht sich eben nicht nur auf Menschen mit einem deutschen Pass sondern ist grundsätzlich und muss deshalb auch für geflüchtete Menschen in Deutschland gelten Dem werden Sie mit dieser Regelung zum Familiennachzug eben nicht gerecht Sie schützen die Familien nicht sondern Sie trennen sie dauerhaft und das sehr bewusst 3 Eines ist vollkommen klar damit komme ich noch einmal zu der Unterscheidung ob nach Genfer Flüchtlingskonvention anerkannt oder subsidiär schutzberechtigt Für Menschen beider Gruppen gilt gleichermaen dass ein Leben mit der Familie im Heimatland unmöglich ist Deshalb ist es absolut nicht zu rechtfertigen eine Unterscheidung zwischen diesen beiden Gruppen bei der Form des Schutzes zu treffen und entbehrt jeder Grundlage Weil das so ist wurden die Regelungen 2015 ja sozusagen angeglichen und beiden Gruppen der Nachzug von Familien gestattet Erst dann als klar und,-1.3918914,Quota Exceeded
1020434,2019,Ja danke schön Frau Kollegin Schauws Sie können den 219a nicht losgelöst von 218 diskutieren 0 Erster Punkt Das Bundesverfassungsgericht hat diese Frage damals geklärt Damit waren wir nicht glücklich weil wir viel mehr Vertrauen in die Entscheidungsfähigkeit und das Verantwortungsbewusstsein der Frauen haben Das Bundesverfassungsgericht hat ganz klar gesagt Auch wenn der Schwangerschaftsabbruch straffrei ist ist er rechtswidrig Deshalb ist das keine medizinische Behandlung wie jede andere Der 219a hat auch nachher immer Bestand gehabt und zwar im Grunde genommen immer mit der Unterstützung von allen in diesem Hause Zweiter Punkt Es gibt die Diskussionen um den 219a seitdem es die ersten Urteile dazu gibt Was war jetzt eigentlich das Entscheidende für mich Ich will dass die Frauen einen uneingeschränkten Zugang zu Informationen haben 1 denn es gibt Regionen in denen es keinen einzigen Arzt und keine einzige Ärztin gibt der bzw die einen Schwangerschaftsabbruch vornimmt Wir möchten dass,-1.5258694,Quota Exceeded
835168,2016,Frau Präsidentin Liebe Kolleginnen und Kollegen Ich kann mich gut an 2002 erinnern als wir hier in diesem Hause den Tierschutz im Grundgesetz verankert haben und ich wei noch wie wir darum gerungen haben denn die CDUCSU wollte das ja absolut nicht Kurz danach kam aber die Bundestagswahl und dann hatte man doch entschieden dass man das tun sollte Ich kann mich auch noch daran erinnern dass der Tierschutzbund drauen ein groes Grundgesetz aufgestellt hatte Wir haben gefeiert und waren ganz froh Der Tierschutzbund hatte sich an der Initiative Tierwohl beteiligt einer Initiative der Landwirtschaft der Fleischwirtschaft und des Lebensmitteleinzelhandels und viele von uns dachten Da wird etwas besser Inzwischen ist der Tierschutzbund aber wieder aus der Initiative herausgegangen 0 weil er ein Zeichen setzen wollte dass es nicht hinnehmbar ist dass die Möglichkeiten so gering sind Auch Panorama hat ein Zeichen gesetzt und ich habe jetzt schon das PanoramaBashing,-2.3283076,Quota Exceeded
1028412,2019,unterstützt dabei interessierte Gründerinnen und Gründer durch Nachfolgelotsen dabei die Unternehmensnachfolge zu bewerkstelligen 2 Die Ergebnisse können sich sehen lassen Erst kürzlich im Frühjahr besuchte ich in meiner Heimatstadt Gera die ad hoc gaming GmbH die 2017 gegründet wurde und sich mittlerweile zu einem ESportZentrum in Thüringen mit einer eigenen Mannschaft entwickelt hat Das ist schon eine Erfolgsgeschichte aber auch kein Einzelbeispiel In den letzten 30 Jahren hat sich Ostdeutschland in wirtschaftlicher Hinsicht sehr positiv entwickelt das möchte ich festhalten Nach dem Zusammenbruch der DDR kam es peu peu zur Angleichung der Wirtschaftskraft und zum Aufbau einer wettbewerbsfähigen Unternehmenslandschaft Dabei haben die Struktur und Regionalförderung sowie zahlreiche Förderprogramme des Bundes natürlich einen wichtigen Beitrag geleistet das wurde schon ausgeführt Natürlich ist aber auch der Verlust der industriellen Entwicklungsbasis nach der Wende immer noch spürbar Aber der Strukturwandel den die Ostdeutschen schon vor 30 Jahren durchmachen mussten findet verzögert nun auch,-1.5706896,Quota Exceeded
811403,2015,der Kasse vor mir ohne Tasche gesehen Als die Kassiererin sagte Eine Tasche kostet 20 Cent hat dieser Mensch geantwortet Ich brauche sie nicht Eine solche Abgabe von 20 Cent haben zum Beispiel die Iren eingeführt Das hat dazu geführt dass die Zahl von 328 Tüten pro Einwohner auf 16 Tüten pro Einwohner im Jahr gesunken ist Übrigens sind in der Debatte ja schon andere Länder dieser Welt angesprochen worden Hier ist Ruanda zu nennen das uns in diesem Bereich beschämt Ruanda hat Plastiktüten verboten Mir ist das vor kurzem richtig deutlich geworden als eine kirchliche Jugendgruppe aus meinem Wahlkreis aus Ruanda zurückkam und die Jugendlichen gesagt haben In der ganzen Hauptstadt fliegt keine einzige Plastiktüte auf den Straen herum Das haben die jungen Leute gemerkt Ich denke wir müssen auf jeden Fall in Aussicht stellen im Rahmen des Wertstoffgesetzes zu handeln Ich darf abschlieend das Thema Pfand erwähnen Es,-1.8689113,Quota Exceeded
777930,2012,den Luftkreislauf gelangt ist und diese Enteisungsflüssigkeit ausschlielich bei der Cockpitbesatzung zu Problemen geführt hat 2 Ich habe noch vorhin mit Airbus und anderen telefoniert um mich dazu ein bisschen schlauzumachen Es gibt die Vermutung dass diese Enteisungsflüssigkeit sozusagen in Pfützen liegen geblieben ist und ausschlielich in den Cockpitbereich gelangt ist was zu den bekannten Problemen geführt hat Übrigens hat sich Germanwings dazu auch erklärt 3 Die Aufklärung über das Thema das heit der ganze Prozess ist völlig transparent Dass man gerade jetzt versucht das Ganze wieder aufzuhängen 4 zeigt eigentlich nur wie gut sich die Opposition mit einigen speziellen Medien die auf diesem Gebiet einen Kreuzzug betreiben so möchte ich fast sagen auseinandersetzt und wie kampagnenfähig sie ist In diesem Fall muss ich anerkennend sagen Da machen Sie eine gute Kampagne Aber in der Sache ist das leider völlig daneben Der Vorfall bei Germanwings im Zusammenhang mit der Enteisungsflüssigkeit,-2.3516269,Quota Exceeded
790067,2013,Verantwortung gerecht werden Das muss man hier ansprechen weil es nicht angeht dass die Mittel die die Länder an der einen Stelle zusätzlich zur Verfügung stellen an anderer Stelle wieder gekürzt werden Deswegen sage ich Gewalt zu stoppen zu ächten und zu vermeiden muss auf kommunaler Ebene oberste Priorität haben Wir haben mit der Freischaltung der Hotline eine wichtige Lücke geschlossen Es ist aber nicht nur wichtig dass man Gutes tut man muss auch darüber sprechen Deshalb wollen wir parallel zu der Freischaltung die von uns ergriffenen Manahmen bundesweit bekannt machen Dazu haben wir eine bundesweite Kampagne gestartet Die Botschaft ist Gewalt ist Unrecht Es gibt Hilfe Das hat auch präventive Wirkung Deswegen hoffe ich sehr dass am Ende des Jahres 2013 in den meisten Frauenarztpraxen in den Hausarztpraxen und in öffentlichen Einrichtungen in unserem Land Flyer mit den Rufnummern für Hilfe bei Gewalt ausliegen In den USA beispielsweise klebt,-1.702974,Quota Exceeded
1025410,2019,Gesamtsteueraufkommen in Europa von circa 800 Milliarden Euro in diesem Jahr Auf das grundsätzliche Problem der digitalen Wertschöpfung gibt es im deutschen Steuerrecht und wahrscheinlich auch im europäischen Steuerrecht keine angemessene und systematische Antwort Es geht jetzt um die Frage ob wir eine Übergangslösung in Betracht ziehen wie das jetzt geschieht Herr Präsident ich komme damit auch zum Schluss Wir teilen die Meinung nicht dass solche Übergangsdefinitionen eine Lösung darstellen und deshalb glauben wir Nur die OECD kann das Problem durch einen Kampf gegen Steueroasen und Niedrigsteuerländer lösen Der jetzige Weg ist falsch Wir lehnen deshalb den Antrag der Grünen ab Dem Antrag der FDP der das was ich gerade zum Schluss formuliert habe tendenziell als richtiges Vorgehen ansieht stimmen wir aber zu Herzlichen Dank 3,-1.337723,Quota Exceeded
785002,2013,Ich komme zum Ende Was ich gestern bereits zu Amazon gesagt habe,-7.9570675,Quota Exceeded
1020618,2019,Vielen Dank Ich hoffe das kommt zu meiner Zeit dazu Zum Thema 0,-7.608136,Quota Exceeded
813868,2015,Noch eine Nachfrage dazu Sie haben gerade Manahmen im NAPE benannt,-6.4830976,Quota Exceeded
832957,2016,Aber das wird nicht beantwortet Ich frage damit das beantwortet werden kann,-6.8235254,Quota Exceeded
778406,2012,Ich komme zum Ende und möchte darum bitten das zu beachten Ich bedanke mich für die Aufmerksamkeit 0,-8.058998,Quota Exceeded
1013126,2018,Es schadet aber auch nicht wenn man den Soldaten einmal Danke sagt,-6.512868,Quota Exceeded
801795,2014,Es wurde vorhin gesagt das ist auch richtig dass die SwobodaPartei,-6.5375423,Quota Exceeded
1025170,2019,Das machen wir und danach komme ich auf Frau Dröge zurück 0,-7.423154,Quota Exceeded
816502,2015,Ich habe noch eine zweite Frage zum Thema Flüchtlinge bzw Fluchtursachen eingereicht,-6.972824,Quota Exceeded
772753,2012,Ich achte auf die Zeit und komme zum Schluss Es gilt das Erstgesagte Wir werden auch künftigen Anträgen nicht zustimmen Ich bedanke mich für die Aufmerksamkeit auch am Ende der Debatte 0,-6.5996866,Quota Exceeded
844259,2017,Dann habe ich auch mehr Zeit zur Verfügung Das ist doch gut,-6.522279,Quota Exceeded
742513,2010,Der Sascha Raabe hat immer Schaum vor dem Mund wenn es um den Haushalt geht,-6.891201,Quota Exceeded
1034594,2019,Nichts machen Sie da Da sind Sie überhaupt nicht glaubwürdig 0,-6.845167,Quota Exceeded
772729,2012,der Blick in die Zukunft Langfristig ist für eine gerechte und stabile Finanzierung der gesetzlichen Krankenversicherung eine solidarische Bürgerinnen und Bürgerversicherung einzuführen 2 Sind wir nun diejenigen die nicht lesen können oder sind Sie es Herr Kollege Weinberg 3 Wir haben hier das war etwas kleinkariert gehört dies sei eine Wahlkampfdebatte Die Zuhörer merken wer hier in der Sache argumentiert 4 und wer nervös ist,3.7518296,Quota Exceeded
803731,2014,groe Pflegereform mit einer ganzen Reihe weiterer Manahmen flankieren wie dem Ausbau der Vorsorge in einem neuen Präventionsgesetz oder der Förderung von innovativen Versorgungsformen von niedergelassenen Ärzten oder Kliniken Mit der Reform der Pflege und ihren Vorhaben im Gesundheitswesen verfolgt diese Koalition eine weitsichtige Politik die sich konsequent an mehr Qualität und am Nutzen für die Betroffenen orientieren wird Vielen Dank 5,3.9942794,Quota Exceeded
750342,2011,Fraktion den Opfern von denen nur noch wenige leben noch einmal unser Mitgefühl und unsere besondere Solidarität versichern In diesem Sinne schliee ich mit einem Zitat von Valentin Hennig einem engagierten Vertreter für die Rechte der Opfer von Zwangssterilisation in den 60erund 70erJahren Unrecht kann Recht nicht verdrängen Vielen Dank 0,3.7569566,Quota Exceeded
763106,2011,Herr Nülein können Sie mir eines erklären Wer hat eigentlich Italien in den EuroRaum aufgenommen,4.713253,Quota Exceeded
1030467,2019,Sonst werden die Wähler Ihnen wie am kommenden Sonntag in Thüringen in noch gröerer Zahl den Rücken kehren Danke 0,3.8402507,Quota Exceeded
802555,2014,Wir werden viele unserer Herzensangelegenheiten umsetzen im Interesse der Patientinnen und Patienten in Deutschland Danke schön 0,3.8405101,Quota Exceeded
825177,2016,wir stehen vor einer Überforderung unseres Landes Deswegen brauchen wir eine politische Kurskorrektur Diesen Kontrollverlust den wir seit Sommer vergangenen Jahres haben müssen wir so rasch wie möglich beenden 0,4.308828,Quota Exceeded
745453,2010,Gut Es sollen nicht nur die groen Träger sondern auch die kleinen gefördert werden Danke 0,4.215924,Quota Exceeded
844781,2017,Herr Kollege ich finde es ist eine interessante Theorie die Sie hier aufstellen,4.9843683,Quota Exceeded
838698,2016,die Sportvereine die Umsatzsteuergrenze von 35 000 auf 45 000 Euro erhöht Das alles sind Punkte die unsere Vereine voranbringen Wenn Sie von Bündnis 90Die Grünen in der nächsten Legislaturperiode Ihre Ideologie beiseitelassen dann könnte ich mir gut vorstellen dass wir in der nächsten Legislaturperiode im Jahr 2018 gemeinsam die steuerlichen Rahmenbedingungen für Millionen ehrenamtlich engagierte Bürgerinnen und Bürger in unserem Land erneut verbessern Das wäre wichtig und eine zusätzliche Investition in unsere Gesellschaft,3.922107,Quota Exceeded
743723,2010,und keinen Ausbau erneuerbarer Energien herbeiführen wie ihn die Branche bräuchte 0,3.784682,Quota Exceeded
735781,2010,Aber wir müssen einen höheren Mastab an uns anlegen Wenn wir gegenüber unseren Partnerländern glaubwürdig sein wollen und dort eine gute Regierungsführung einfordern,4.3127327,Quota Exceeded
802817,2014,Es darf kein Tabu sein vermehrt Geld für die Sicherheit unseres Landes die Sicherheit unserer Bürgerinnen und Bürger in die Hand zu nehmen Wir müssen uns hier engagieren Das sollte uns unsere Sicherheit und Freiheit wert sein Herzlichen Dank 0,3.79282,Quota Exceeded
1048465,2020,Belastungen aufweist dann kann auch eine derartige Gedenkstätte dabei sehr hilfreich sein Ich möchte aber die These wagen dass dann wenn das bilaterale Verhältnis aufgrund der aktuellen Politik stark eingetrübt ist ich spreche hier von der deutschen Politik es durch eine kompensatorische Erinnerungspolitik bestimmt nicht repariert werden kann 0 Sagen wir es frei heraus Besser als Hitlers Überfall auf Polen nachträglich verhindern zu wollen sollten Sie dem heutigen Polen mit weniger Arroganz begegnen und namentlich die patriotische Regierung dort nicht ständig als rechtspopulistisch diffamieren und den Polen nicht das Recht auf Wahrung ihrer kulturellen Identität absprechen 1 Was sollen die Polen von der deutschen Kritik an ihrer Justizreform halten diese würde angeblich den Rechtsstaat beschädigen wenn zugleich in Deutschland ein Parteipolitiker quasi direkt vom Bundestag weg zum Verfassungsgericht berufen werden kann oder eine bekennende Linksradikale Verfassungsrichterin wird 2,0.43765593,Quota Exceeded
1037886,2020,weniger verdient steckt eher beruflich für die Familie zurück und wer beruflich zurücksteckt verdient weniger Durchbrechen Sie endlich diesen Teufelskreis und gehen Sie diese Probleme an meine Damen und Herren der Regierung 2 Frauen werden schlechter bezahlt Frauen leisten aber den gröten Teil der Fürsorgearbeit in der Familie Beides hängt zusammen Was man von Frauen umsonst erwartet wird auch schlecht vergütet Und Sie meine Damen und Herren der Regierung machen dabei mit wenn Sie nicht mehr Geld für gute Pflege und eine gute Kinderbetreuung bereitstellen und wenn Sie weiterhin den Mindestlohn kleinhalten Das sind doch Hindernisse die in Ihrer Verantwortung liegen Bitte ändern Sie dies 3 Die Linke fordert gute Tariflöhne in sozialen Berufen genauso wie in technischen sie fordert geregelte Arbeitszeiten nicht mehr als 40 Stunden die Woche flächendeckende Kinderbetreuung gute Pflege vollfinanziert über eine Pflegeversicherung Das wäre eine Politik für Millionen Frauen in unserem Land Daran sollten Sie,1.8295441,Quota Exceeded
1044948,2020,die europarechtlichen Probleme ausgeräumt sind und das Apothekengesetz von Minister Spahn kein zweites Mautdesaster wird Meine Damen und Herren mit dem Gesetz wollen wir dafür sorgen dass VorOrtApotheken und europäische Versandapotheken die zulasten der gesetzlichen Krankenversicherung verordnete Medikamente als Sachleistungen abgeben dem Rahmenvertrag beitreten Sie müssen dann auch die darin vorgegebenen Rechtsvorschriften zwingend einhalten Dazu gehört unter anderem die Anerkennung der Arzneimittelpreisverordnung Der Arzneimittelpreis ist ein wichtiges Steuerungselement in unserer nationalen Gesundheitspolitik 17 Prozent der Leistungsausgaben der GKV gehen auf Arzneimittel zurück Die Steuerung über die Arzneimittelpreisverordnung das AMNOGVerfahren und die Rabattverträge hat sich bewährt Sie ist wichtig für die finanzielle Stabilität der gesetzlichen Krankenversicherung Kolleginnen und Kollegen ein mir ganz besonders wichtiger Aspekt in diesem Gesetzentwurf ist die Aufwertung der heilkundlichen Kompetenz der Apotheker Deswegen ist es richtig dass für zusätzliche pharmazeutische Dienstleistungen auch ein Extrahonorar zur Verfügung gestellt wird Viele Punkte des Gesetzentwurfs haben wir in den letzten,-0.00789094,Quota Exceeded
1036195,2020,nicht einfach nur an einer Stellschraube zu drehen Wir müssen dieses komplexe System so reformieren dass sowohl die Infrastruktur als auch das Angebot der darauf fahrenden Zugleistungen weiter wachsen können Wir unterstreichen daher mit unserer Vorlage dass wir unserem Versprechen aus dem Koalitionsvertrag zügig nachkommen und das Eisenbahnregulierungsrecht anpacken werden Da erwarten wir Herr Gastel das ist in Ihrem Sinne Ihre Zustimmung Aber eines muss ich auch ganz deutlich sagen Nur mehr Geld vom Bund wird den Nahverkehr nicht per se verbessern Jetzt sind die Länder dran diese deutliche Finanzspritze in spürbare Verbesserungen für die Kundinnen und Kunden des Nahverkehrs zu verwandeln Ich sage das ganz bewusst auch in Richtung meines Heimatlandes BadenWürttemberg wo die gro angekündigte Wende im öffentlichen Nahverkehr derzeit zu viel Frust zu kleineren Zügen mit zu wenigen Plätzen und etlichen Zugausfällen führt alles Folgen einer unüberlegten Politik vor der meine Kollegen schon vor fünf Jahren im,-0.07706049,Quota Exceeded
1038372,2020,Sehr geehrter Herr Präsident Sehr geehrte Kolleginnen und Kollegen Sehr geehrte Besucherinnen und Besucher Schauen Sie mit mir zurück nicht weit lediglich vier Wochen In nur zehn Tagen im Februar 2020 kam es zu folgenden rechtsextremen rassistisch motivierten Gewalttaten In Hanau wurden zehn Menschen ermordet Zwölf militante Nazis planten Anschläge auf Politiker Geflüchtete und Moscheen Ein versuchtes Sprengstoffattentat auf die KZGedenkstätte MittelbauDora Eine Drohmail gegen eine Moschee in Bremen Hakenkreuze an einer Moschee in Emmendingen Schüsse auf eine Shishabar in Stuttgart Ein Brandanschlag auf eine Shishabar und einen Dönerimbiss in Döbeln Bombendrohungen gegen Moscheen in Essen Unna Hagen Bielefeld Eine Bombendrohung gegen eine Moschee in Pforzheim All das ereignete sich innerhalb von zehn Tagen im Jahr 2020 Hinzu kommen Attacken zum Beispiel gegen Kommunalpolitikerinnen und Kommunalpolitiker Das alles ist rechtsextremer Alltag und nicht hinnehmbar 0 Spuren rechtsextremer Täter und militanter Gruppen ziehen sich durch die Geschichte der Bundesrepublik von Beginn,0.3829562,Quota Exceeded
1047146,2020,von internationalen Konzernen nicht mehr nur gesammelt in der Bilanz ausgewiesen werden sondern in der öffentlichen Bilanz zu erkennen ist in welchem Land sie welche Gewinne machen damit aggressive Steuervermeidung wirksam endlich bekämpft werden kann 6 Der europäische Gesetzentwurf dazu liegt im Ministerrat beschlussreif vor Aber Minister Scholz Minister Altmaier und Ministerin Lambrecht blockieren dieses Offenlegungsgesetz Wir fordern Sie erneut auf Setzen Sie als Ratspräsident das Gesetz endlich auf die Tagesordnung und ermöglichen Sie einfach die Abstimmung darüber meine Damen und Herren 7,0.77860546,Quota Exceeded
1038562,2020,ähnlich wie ich wenn ich meine Wohnung schützen will auch komplizierte technische Vorrichtungen brauche Wir haben schon viel über den Karussellbetrug gehört das sind kriminelle Vereinigungen Beim Kassenbetrug sind es viele kleine Betrüger aber Hunderttausende von kleinen Betrügern verursachen jährlich einen riesengroen Schaden Bei den Schwarzarbeitgebern sind es ganz viele sie verursachen jährlich einen groen Schaden Bei CumEx sind es gar nicht viele nur einige Hundert Sie verursachen einen riesigen Schaden ganz wenige mit hohen Beträgen Es gibt auch Gewinnverlagerungen bei Konzernen das sind durchschnittlich viele Sie verursachen einen riesengroen Schaden Insgesamt geht es um Hunderte von Milliarden Euro Das ZDFMagazin Frontal 21 hat am 7 Mai 2019 sehr gut beschrieben wie die Mehrwertsteuerbetrugssystematik funktioniert und unsere Aufgabe ist jetzt Gesetze zu machen die die Ehrlichen schonen aber die Gauner erwischen Es ist gar nicht so einfach das halbwegs ohne Kollateralschäden zu organisieren Jetzt muss man überlegen Ist eigentlich schon,1.0649625,Quota Exceeded
1035571,2020,Sehr geehrte Frau Präsidentin Meine Damen und Herren Mobilität ist ein Stück Freiheit sie ist aber nichts wenn sie nicht sicher ist Und genau deshalb ist die Vision Zero für uns nicht zu diskutieren Die Zahl der Toten und Schwerverletzten wollen wir auf null senken Das darf keine Floskel sein sondern muss das oberste Anliegen unserer Verkehrspolitik sein 0 Verkehrssicherheit ist im Übrigen keine Frage von Geschmack Parteicouleur oder anderen Befindlichkeiten Es geht hier schlicht um Menschenleben 1 Die EU sagt Spätestens bis 2050 keine Verkehrstoten mehr Die EU bekennt sich zur Vision Zero In unserem Koalitionsvertrag steht die Vision Zero und auch in unserem heute vorliegenden Antrag steht die Vision Zero Wo sie noch nicht steht ist die StraenverkehrsOrdnung und da muss sie dringend rein Wir brauchen einen Kulturwandel auf der Strae und dafür setzen wir uns als SPD ein 2 Tatsache ist dass die Zahl der Unfallopfer stagniert,1.4193058,Quota Exceeded
1059617,2021,Sehr geehrter Herr Präsident Meine sehr geehrten Kolleginnen und Kollegen Herr Mrosek die schlechteste Antwort auf die Herausforderung der Zukunft ist ein Das haben wir aber immer schon so gemacht Ich freue mich sehr dass wir heute zukunftsweisend eine neue Ausbildung für Seelotsinnen beschlieen Der Prozess dazu war ein sehr langer Bereits 2012 gab es dazu einen Ministererlass 2016 legte eine extra dafür eingerichtete Arbeitsgruppe der WSV einen Vorschlag dazu vor Und jetzt also fünf Jahre später reformieren wir endlich die Seelotsausbildung Der Schritt war überfällig das ist mehrfach angesprochen worden Wir brauchen neue zusätzliche Ausbildungswege Wir müssen mit unterschiedlichen Zugangsvoraussetzungen in den Lotsberuf hineinkommen Der Lotsberuf muss attraktiver werden insbesondere für Menschen denen die Vereinbarkeit von Familie und Beruf besonders wichtig ist 0 Dieser Gesetzentwurf kann damit einen wichtigen Beitrag zur Lösung des Nachwuchsproblems vieler Seelotsreviere geben Denn auch wenn sie jetzt noch nicht bestehen so werden wir in,0.9358696,Quota Exceeded
1057625,2021,Die Anforderungen und Bedarfe in dem gesamten Bereich sind in den letzten Jahren erheblich gestiegen was nicht nur an der Weiterentwicklung von Sport und Freizeitmöglichkeiten liegt In meiner Kleinen Anfrage vom 28 Mai 2019 auf der Drucksache 1910493 hinterfragte ich den Sanierungsstau bei Schleusen nachdem ich die Sanierungsfortschritte der Sportbootschleuse in Zaaren persönlich besichtigt hatte Antwort der Bundesregierung auf Drucksache 1910998 An den 315 Schleusenanlagen in der Zuständigkeit der Wasserstraen und Schifffahrtsverwaltung des Bundes befinden sich derzeit 474 Schleusenkammern der WSV in Betrieb 41 Schleusenkammern wurden in den letzten 30 Jahren in Betrieb genommen Baujahr nach 1988 Aber 32 Prozent der Schleusen und 28 Prozent der Wehre sind über 100 Jahre alt Oftmals fallen Schleusen komplett aus Das trifft dann ganze Tourismusketten wie seinerzeit an der Schleuse in Zaaren Es entstand ein groer wirtschaftlicher Schaden Wir stellen fest teils über 100 Jahre alte Infrastruktur am Wasser Jahre des Stillstands und,-0.010434151,Quota Exceeded
1051805,2020,zur staatlichen Alimentierung von Linksextremisten aufzusetzen ist die Bekämpfung des gewaltbereiten Islamismus zu verstärken Wie keine andere Partei setzen wir uns für die Bekämpfung jeglicher Art von Extremismus ein 1 Die gleichen Politiker die bei ihnen genehmen Demonstrationen die Polizei noch diffamierten bejubeln nun den Einsatz von Wasserwerfern und Reizgas bei Demos gegen die Einschränkungen unserer Grundrechte und schaden damit dem Ansehen unserer Ordnungskräfte Fakt ist Die Polizei darf nicht zum Spielball politischer Interessen werden und so den Rückhalt verlieren Für diese Rückendeckung setzen wir uns ein 2 Herr Seehofer die Bürger erwarten dass Sie ihnen mit Heimat nicht nur einen Begriff bieten sondern den Heimatschutz auch ernst meinen 3 Dafür sollten alle erforderlichen Manahmen aktiv vorangetrieben werden und das nicht nur mit Worten Aber zurück zum Haushalt Die Mieten in Ballungsräumen können sich junge Polizeiabsolventen oft nicht leisten Sie sind gezwungen Wohngemeinschaften zu bilden oder sehr oft lange Anfahrtswege,1.1216211,Quota Exceeded
1051363,2020,für richtig dass die Sozialbeiträge stabil bei 40 Prozent bleiben sollen ist das und wird das für die kommenden Jahre eine groe Herausforderung sein Herr Kollege Dürr Steuerentlastung ja klar wir entlasten ab 1 Januar kommenden Jahres gesamtstaatlich 17 Milliarden Euro 10 Milliarden Euro durch die Abschaffung des Soli für über 90 Prozent der Bürgerinnen und Bürger und 7 Milliarden Euro für die Familien Stichworte Kindergeld Grundfreibetrag usw Das sind alleine in diesem Bereich Steuermindereinnahmen für den Bund in Höhe von 13 Milliarden Euro Das heit wir halten und haben an dieser Stelle Wort gehalten Liebe Kolleginnen und Kollegen zum Schluss Haushälter machen bestimmte Dinge in der Bereinigungssitzung sie hat dieses Mal 17 Stunden und 37 Minuten gedauert Ich bin schon ein bisschen stolz dass es Dennis Rohde und mir gelungen ist einen Magabebeschluss zum Thema Ausgabereste durchzubringen Das wird nicht jeden in der Bundesregierung freuen Dennis darüber sind wir,0.49383673,Quota Exceeded
1045653,2020,und Berechenbarkeit Diese wollen wir durch zweierlei Beschlüsse schaffen das Grundgesetz zu verändern und die unterstützenden Gesetze auf den Weg zu bringen Wir übernehmen mit mehr als 6 Milliarden Euro 50 Prozent bei den Ausfällen der Gewerbesteuern der Gemeinden einmalig Einmalig meine Damen und Herren heit für mich einmalig Das heit nicht dass man im nächsten Jahr mit einem ähnlichen Antrag wird kommen können oder dass man sagt Ab und zu geht das schon oder Öfter mal ist das durchaus gefragt Sie kennen möglicherweise auch die schleichend daherkommenden Gewohnheitsrechte die dann zu dauerhaften Lösungen führen Das möchte ich nicht und das schlieen wir ein für alle Mal aus meine sehr geehrten Damen und Herren 0 Wir sagen klipp und klar dass die Einmaligkeit sich auf dieses Jahr beschränkt Ich möchte noch einmal ausführen dass auch der Starke überfordert werden kann Oder wie der Volksmund auch sagt Die Kuh die man melken möchte darf man nicht schlachten,-0.86354446,Quota Exceeded
1043334,2020,Herr Präsident Liebe Kolleginnen und Kollegen Liebe Frau Kollegin Dr Lötzsch ein Satz den Sie gesagt haben ist völlig richtig Die Union will so schnell wie möglich zurück zur schwarzen Null Das will ich unterstreichen 0 Ich will Ihnen auch sagen warum das so ist weil wir überzeugt sind dass gerade die schwarze Null der letzten Jahre gerade das solide Wirtschaften der Bundeshaushalte in der Vergangenheit gerade der Umstand dass wir Ihren und anderen Rufen auch schon in guten Zeiten viele Schulden zu machen nicht nachgekommen sind uns in die Lage versetzen dass wir jetzt wo die Notsituation da ist jetzt wo die Krise da ist klar stark und gut reagieren können Die Solidität von gestern gibt uns jetzt die Kraft in der Krise 1 Das ist unsere Überzeugung und das steht nicht im Widerspruch dazu dass wir jetzt handeln sondern das ermöglicht uns jetzt zu handeln Wir können das,-1.3877206,Quota Exceeded
1052853,2021,Volle Konzentration auf den einzigen Lichtblick den wir haben Der einzige Lichtblick den wir haben ist der Impfstoff Die SPDFraktion um das einmal deutlich zu sagen ich wei nicht zu wem Sie Herr Spahn das mit dem nationalen Alleingang gesagt haben ist klipp und klar dafür dass wir europäisch beschaffen und dass diese europäische Beschaffung von zusätzlichem Impfstoff auch dazu führt dass alle Länder in Europa die der EU angehören und ihn kaufen wollen auch Zugang dazu haben Klipp und klar 0 Der entscheidende Punkt ist aber und das zu hinterfragen gehört in einer Demokratie dazu ob die Entscheidungen die sowohl in der EUKommission als auch von Ihnen in Ihrer Ressortverantwortung als Bundesgesundheitsminister und als Vorsitzender des Gesundheitsministerrates den Sie im letzten halben Jahr innehatten getroffen wurden korrekt oder nicht korrekt waren 1 Es ist Kernaufgabe eines Parlaments dies zu kontrollieren und zu hinterfragen nichts anderes 2 Und ich muss,-1.631241,Quota Exceeded
1038001,2020,einem Ihrer Anträge wird ja auf den Investitionsstau der Kommunen hingewiesen Die Quelle ist dabei fast immer das KfWKommunalpanel Dahinter steht das Deutsche Institut für Urbanistik das das erstellt und an dem die Kommunen mageblich beteiligt sind Dessen Chef Professor Carsten Kühl empfiehlt ausdrücklich die Zusammenarbeit mit der PD damit der kommunale Investitionsstau abgebaut werden kann 3 Das Fazit ist also Linke auf in die Gegenwart Das geht so nicht Damit wären wir bei der KfW Die KfW stellt bereits heute den Kommunen Kredite quasi zum Nullzins zur Verfügung die übrigens auch für Rekommunalisierungen genutzt werden können Auch die KfW ist ein vernünftiges und sinnvolles Institut Das muss man nicht infrage stellen Summa summarum ist der vorliegende Antrag meiner Meinung nach nicht auf der Höhe der Zeit Deswegen lehnen wir ihn auch ab Mit dem neuen Antrag wollen Sie wie übrigens auch die FDP mit den Ländern auf die Kommunen,-1.7516198,Quota Exceeded
1044405,2020,von dem was wir als Linke fordern Wenn sich der Staat beteiligt muss das mit Beschäftigungssicherung einhergehen und bei der Lufthansa auch mit klimagerechtem Arbeiten Aber darauf verzichten Sie 5 Es hätte sich jetzt die Chance geboten statt dass die Lufthansa 20 000 Arbeitsplätze abbauen will darüber zu debattieren mit staatlicher Unterstützung zum Beispiel zu einer Arbeitszeitverkürzung la IG Metall Viertagewoche für gewisse Branchen zu kommen Das wäre nicht nur bei der Lufthansa ein geeignetes Instrument um Beschäftigung zu sichern 6 Nur Wenn der Staat sich da rauszieht dann hat man diese Einflussmöglichkeiten natürlich nicht Herr Altmaier wir unterstützen Sie dann wenn Sie Ihren Worten glaubhaft folgen wollen dass wir in vielen Bereichen eine Rekommunalisierung brauchen Dafür muss der Bund die Kommunen finanziell durch einen Altschuldenfonds entlasten damit die Kommunen aktiv bleiben können Dann hätten Sie auch uns auf Ihrer Seite Aber ich glaube das was Sie heute gesagt haben haben Sie nicht ernst gemeint Vielen Dank 7,-1.823116,Quota Exceeded
1037843,2020,ja Krokodilstränen über den Brexit Wie bigott ist das denn eigentlich Ihre Brüder im Geiste haben den Brexit mit verursacht durch Lügen und Fake News 5 Deshalb sind Sie an dieser Stelle als verlogen enttarnt 6 Wir sagen Partnerschaft und Kooperation keine Rosinenpickerei erfolgreiche BrexitVerhandlungen und dass die junge Generation dabei nicht bestraft werden darf 7 Kommen wir zum Heftigsten in Ihrem Antrag Bildungsaustausch will die AntieuropaFraktion Deutschlands kurz AfD auf ambitionierte Studenten reduzieren Ich finde es skandalös dass die AfD Studentinnen aus Erasmus offenkundig ausschlieen will 8 Das ist frauenfeindlich denn es geht eben auch um Studentinnen 9 Frauen und Männer sind selbstverständlich gleich viel wert und haben auch gleich viel Talent 10 Es ist im Übrigen auch skandalös dass die AfD lesen Sie Ihren eigenen Antrag Azubis und Schülerinnen und Schüler aus Erasmus ausschlieen will Ja wie elitär ist das denn Das ist ja unglaublich 11 Das ist,-1.3403791,Quota Exceeded
1046185,2020,weiteren Zielbestimmungen und weiteren Punkten in Form der schon erwähnten 20PunktePlanung nach Hause gegangen wären und wieder keine Umsetzungsschritte bekommen hätten Das darf so nicht passieren Wir als SPDFraktion werden alles daransetzen dass die ErneuerbareEnergienGesetzNovelle auch das einlösen kann was sie verspricht 14 Es ist noch vieles weitere zu tun Wir haben in der letzten Sitzungswoche auch im Bereich nachhaltige Entwicklung etwas beschlossen Ich erwarte dass die Bundesregierung dies so umsetzt damit wir den Parlamentarischen Beirat für nachhaltige Entwicklung weiterentwickeln Wir als Abgeordnete haben Vorarbeit geleistet sodass aus Nachhaltigkeitsprüfungen auch tatsächlich Nachhaltigkeitsprüfungen werden und wir die Nachhaltigkeitsziele auch wirklich in die Gesetzgebung implementiert bekommen das will ich nur noch kurz erwähnt haben Aber ich bin wenn ich das richtig sehe schon über meiner Redezeit Danke 15,-1.4233799,Quota Exceeded
1036177,2020,Wenn es nicht notwendig ist ein Gesetz zu machen dann ist es notwendig kein Gesetz zu machen Ich bedanke mich 0,-3.604817,Quota Exceeded
1045230,2020,Ich komme zum Ende Frau Präsidentin In diesem Hohen Haus wird zu Recht immer wieder betont welche historische Verantwortung wir gegenüber unseren östlichen Nachbarn haben In diesem wichtigen Moment der belarussischen Zivilgesellschaft zur Seite zu stehen und möglichst viel dazu beizutragen dass die Entwicklung eines souveränen unabhängigen und demokratischen Belarus als Nachbar der Europäischen Union gefördert wird das muss für uns in Deutschland aber auch für die gesamte Europäische Union das Gebot der Stunde sein Ganz herzlichen Dank für die Aufmerksamkeit 0,-1.7720778,Quota Exceeded
1054888,2021,Natürlich gibt es da eine Antwort Es ist sehr vielschichtig Die Pflanzenschutzmittel betreffen viele Segmente es sind Insekten es sind Bakterien es sind Viren es sind auch Herbizide dabei da gibt es ganz verschiedene das ist vielschichtig Was Sie pauschal hier fordern ist einfach sehr pauschal Zweitens Natürlich ist die Wirkung überall dieselbe das ist ja völlig richtig Aber Sie haben überall auch einen anderen Gewinn von dieser Sache beispielsweise wenn Sie um Ihr Überleben kämpfen Vorhin haben wir gehört Ungefähr 11 000 Tote gibt es beim unsachgemäen Einsatz von Pflanzenschutzmitteln auf der Welt Deshalb bin ich auch sehr dankbar dass Herr Kekeritz dieses Thema aufgebracht hat 0 Aber wir haben ungefähr 600 Millionen bis 800 Millionen Tote durch Hunger Das ist das Gegengewicht was Sie auch sehen müssen Man kann das Kind nicht mit dem Bade ausschütten was Sie hier tun 1 Ihr Antrag ist pure Beipackzettelphilosophie Sie beschäftigen,-1.3354882,Quota Exceeded
1058699,2021,Vielen Dank Frau Präsidentin Vielen Dank Ulrike Bahr dass die Zwischenfrage zugelassen wird Ich habe vorhin darauf hingewiesen Ich würde gerne wissen ob die SPDFraktion zustimmen wird Wir stellen in diesem Tagesordnungspunkt zur Abstimmung ich zitiere Der Deutsche Bundestag fordert die Bundesregierung auf 1 im Rahmen des Konjunkturpaketes die Angebote nach den 11 bis 13 SGB VIII das ist der Freizeitbereich betreffend die Kinder und Jugendarbeit Jugendverbandsarbeit und Jugendsozialarbeit mit einem Investitionsprogramm in Höhe von 2 Mrd Euro auszustatten Ich habe aufmerksam zugehört Ich bin ganz begeistert von deiner Rede Aber du hast doch gerade genau das vorgeschlagen was wir hier beantragen Wird die SPDFraktion dem jetzt zustimmen oder wird sie es selber einbringen von mir aus auch wortgleich Ich mache auch kein Copyright geltend Wichtig ist doch dass es jetzt endlich kommt und dass das hier nicht nur Wahlkampfreden werden 0,-1.918198,Quota Exceeded
1048814,2020,auch das Gesamtsystem betrachten und das Gesamtsystem entwickelt sich aus meiner Sicht in eine falsche Richtung Wir kriegen das ganz oft von der Opposition und auch aus dem Haus vorgehalten Ich darf zitieren ich habe mir das extra herausgesucht was das Kommando Heer kürzlich zum Beschaffungswesen aufgeschrieben hat Die derzeitige Beschaffungspraxis ist darauf ausgerichtet Risiken möglichst auszuschlieen und strebt maximale rechtliche Sicherheit und Regelkonformität an Die Ziele sind von denen der Truppe dem eigentlichen Leistungserbringer des Gesamtunternehmens Bundeswehr entkoppelt Die zu fordernde Agilität innerhalb der Prozesse wird dadurch strukturell unmöglich gemacht Der frühere Wehrbeauftragte Bartels hat es in seinem Bericht auf den Punkt gebracht Im gesamten Beschaffungswesen hat sich eine Absicherungsdoktrin etabliert 5 die nachhaltig lähmt Meine Damen und Herren das ist das eigentliche Problem in unserer Beschaffung Wir müssen die Prozesse verändern Wir wissen dass die Strukturen nicht zu den Aufgaben passen Wir wissen dass die Wege zu lang,-1.8543472,Quota Exceeded
1048616,2020,stetige Förderung und nicht immer wieder den nächsten Projektantrag 4 Damit jetzt noch mal grundsätzlich Wer allerdings diese Attentate und Taten in Frankreich und anderswo missbraucht um Hetze und Feindschaft gegen Muslime und den Islam zu predigen der versündigt sich Und wer es dennoch tut und zwar vorsätzlich ist auch Stichwortgeber für rechtsextrem und rassistisch motivierte Attentäter und befördert so eine Gewaltspirale Dagegen ist Die Linke klipp und klar 5,-1.5902743,Quota Exceeded
1058840,2021,dieser Stelle Ich habe bis der Gesetzentwurf vorlag Bauchschmerzen gehabt mich gefragt ob er gelingt Und ich sage Es ist dem Bundesministerium der Justiz und für Verbraucherschutz gelungen etwas zu finden das zum einen die Regelungslücke als solche grötmöglich zu beseitigen versucht aber das aufrecht zu erhalten was das World Wide Web was das Internet ausmacht nämlich Plattformen von neutralen Dienstleistern für gesellschaftlich wünschenswerte Zwecke zu ermöglichen Es wurde von Journalistinnen und Journalisten in Ländern die autokratische Systeme haben angesprochen und gebeten ihre Dienste weiterhin zu ermöglichen Deshalb freue ich mich auf die Beratungen hoffe dass wir am Ende ein gutes Gesetz haben und die Auswüchse des Darknet und die Auswüchse des World Wide Web als solches in den Griff bekommen Ich bedanke mich für Ihre Aufmerksamkeit und wünsche ein schönes Wochenende Tschüs dann 5,-2.2010617,Quota Exceeded
1045329,2020,Kommen wir doch zum Thema zurück zur Nachhaltigkeit 0 Was bedeutet für Sie Nachhaltigkeit,-7.1718636,Quota Exceeded
1049608,2020,Frau Rottmann hat so gut mitgearbeitet bei dem Gesetz Sie darf was fragen,-6.7496104,Quota Exceeded
1055827,2021,Ja bitte Ich habe zwar noch gar nicht angefangen aber bitte,-7.040403,Quota Exceeded
1041847,2020,Wir müssen investieren in erneuerbare Energien in Verkehrswende in die energetische Gebäudesanierung in den Bau von 1 Million Sozialwohnungen und in eine neue Wohngemeinnützigkeit,5.534486,Quota Exceeded
1039107,2020,Die Forderungen können Sie alle nachlesen Ob wir die Krise solidarisch bewältigen werden wir auch daran erkennen können ob die Lager in Griechenland in vier Wochen leer stehen oder nicht Danke schön 0,3.7051294,Quota Exceeded
1055408,2021,Darin sind sich alle einig Daran müssen wir stets denken und uns messen lassen nicht an unseren Lippenbekenntnissen sondern an unseren Taten Vielen Dank 0,3.9882982,Quota Exceeded
1038580,2020,Da müssen auch Sie weiter denken liebe Kolleginnen und Kollegen von den Grünen Vielen Dank 0,3.685001,Quota Exceeded
1058820,2021,um den Menschen wieder körperliche Betätigung näherbringen zu können Vielen Dank 0,5.0641,Quota Exceeded
1045587,2020,dass höhere Betriebskosten für die Mieterinnen und Mieter mangels Transparenz bei vermieteten Wohnungen entstehen,4.986176,Quota Exceeded
1058904,2021,Grü Gott Herr Präsident Meine sehr verehrten Damen und Herren Wir müssen alles dafür tun diese dritte Welle zu brechen umzukehren Deswegen schaffen wir ab einem Inzidenzwert von 100 ein einheitliches Instrumentarium das für alle in gleicher Weise und gleich konsequent greift 0 Damit erzielen wir eine gröere Wirkung gegenüber regionalen Lösungen Und darauf kommt es jetzt an denn die Lage ist sehr ernst Denn wir erleben längere Krankheitsverläufe wir erleben Krankheitsverläufe von viel Jüngeren und es sind die Berufstätigen die gerade auf der Intensivstation liegen,3.9992228,Quota Exceeded
1039916,2020,Sehr geehrter Herr Präsident Liebe Kolleginnen und Kollegen Ich freue mich sehr und nehme die Wahl an Vielen Dank 0,4.0283804,Quota Exceeded
1038131,2020,Meine Damen und Herren Lassen Sie uns in der gebotenen Sachlichkeit 0 reden über eine Mauermörderpartei mit Massenmörderideologie,4.1804585,Quota Exceeded
1051281,2020,Ich erlaube gerne eine Zwischenfrage von Herrn Jongen weil die Beantwortung immer ein sehr lehrreiches Erlebnis für ihn ist 0,4.572806,Quota Exceeded
1036860,2020,Sehr geehrte Frau Präsident Liebe Kolleginnen und Kollegen Werte Gäste 0,3.934851,Quota Exceeded
1060844,2021,Diesen Weg in die Unfreiheit in ein Zeitalter der Gegenaufklärung lehnen wir aus tiefster freiheitlicher Überzeugung ab 0,3.7211912,Quota Exceeded
1059622,2021,Einer Farce meine sehr verehrten Damen und Herren leihen wir unsere Stimme nicht Wir lehnen daher dieses Gesetz ab 0,4.628543,Quota Exceeded
12289,1880,Lassen Sie mich nun durch ein Zitat darauf hinweisen verehrte Herren wie die Sozialdemokratie ihrerseits zum Christenthum steht,0.02200365,Quota Exceeded
14137,1886,Mir ist es in der vorliegenden Frage darum zu thun etwas durchzusetzen,-0.7592273,Quota Exceeded
14557,1887,er wollte andere Entscheidungen zu Ungunsten der klagenden Arbeiter gefat haben,-0.4053321,Quota Exceeded
2053,1887,nach Gro britannien direkt also über die Ostseehäfen und etwa über Emden 4529 Doppelzentner,0.32246327,Quota Exceeded
15697,1887,Dazu liegt vor der Antrag des Herrn Abgeordneten Dr Delbrück auf Nr 46 und der Antrag der Herren Abgeordneten von Helldorff und Genossen welche 44 Mark beantragen,-0.066102505,Quota Exceeded
10741,1887,Ich kann nachweisen da schon viele Jahre früher als der frühere Kollege Stumm die Knappschaftsfrage be handelte der Abgeordnete Bebel einen Plan für Unfall entschädigung re,-0.24690562,Quota Exceeded
10789,1881,Nun sollen alle Schwadronen mit einander in Lüben konzentrirt werden das ist die Absicht dieser Anforderung und die Konsequenz der Verwilligung,0.12546688,Quota Exceeded
8065,1887,Man hatte erkannt da alle die Schäden und Nachtheile die durch eine Mobilmachung für diese Be völkerungsklassen erzeugt würden nicht im Vergleich stehen mit den Opfern die bei einer Vermehrung des stehenden Heeres für die gröere Zahl der Kriegspflichtigen in den jüngeren Jahrgängen zu bringen seien,0.94501454,Quota Exceeded
4693,1889,Ich mu das doppelte Vergnügen des Herrn Fieser immer noch mehr erhöhen,0.91597414,Quota Exceeded
3925,1887,Wenn wir nicht gleichzeitig auch die Fischerei in den Rahmen dieses Gesetzes einbezogen haben so liegt das einmal in der Verschiedenartigkeit der Interessen,0.3140638,Quota Exceeded
13537,1881,für 1879 eine Bilanz zu Gunsten der Ausfuhr das heit da mehr ausgeführt würde als eingeführt von 56000 Doppelzentnern und für das Jahr 1880 als Differenz der Ein und Ausfuhr eine Bilanz zu Gunsten der Ausfuhr mit 570 000 Doppelzentnern,-0.1053983,Quota Exceeded
13789,1882,und wir sind doch namentlich in der letzten Zeit nicht in der Lage uns zu leidenschaftlichen Empfindungen aufstacheln zu lassen,-1.4505932,Quota Exceeded
13081,1882,Abgeordneter Schröder Lippstadt Meine Herren ich wei nicht ob es auf dem Programin der Gegner des Taback monopols steht da es nicht mehr erlaubt ist von dem Ta backmonopol überhaupt als von etwas Ernsthaftem zu reden,-1.168899,Quota Exceeded
12229,1884,Gleichwohl meine Herren ist es in der Wirklichkeit nicht so rosig und unschuldig wie es nach der Darstellung des Herrn Kriegsministers erscheinen könnte,1.7432547,Quota Exceeded
16777,1881,Meine Herren ich stelle hier ausdrücklich die Frage Wollen Sie das verurtheilen,1.5748262,Quota Exceeded
7381,1888,77 seien versteckt Forderungen für An lage einer oder gar zweier Torpedofabriken,1.4725918,Quota Exceeded
9061,1884,Ich halte ihn zur Zeit für nicht opportun und jedenfalls wird derselbe das Ziel welches wir erreichen wollen eine ruhige verständige Revision des Militärstraf verfahrens generell nicht fördern,1.4864922,Quota Exceeded
5365,1882,es ist ein vielen von Ihnen wohlbe kannter Nationalökonom Leroy Beaulieu der seinerseits in seinem groen Werk über Finanzwissenschaft vom Monopol sagt,1.3892317,Quota Exceeded
11833,1880,Keine dieser Personen hatte früher am Ruder eines Kriegsschiffs gestanven keine an einem ss Balanzirruder operirt,2.1333604,Quota Exceeded
3577,1881,Sie stellen es immer dem Belieben der ein zelnen Staatsregierungen anheim welche beliebige Vorlagen an die einzelnen Parlamente machen ob dann wirklich jene Gefahr die hier vermieden werden soll vermieden wird,1.5869517,Quota Exceeded
13201,1884,Die verbündeten Regierungen wollen hen Leitern der Aktiengesellschaften keine andere Verantwortung zumuthen als diejenige die jeden Verwalter fremden Ver mögens trifft,1.4893442,Quota Exceeded
14401,1888,Jeder der verehrten Redner hat eine Masse von Kritik auf die Vorlage gehäuft,1.4114696,Quota Exceeded
7453,1887,In dem geringen Umfange den ihr Herr Freiherr von Hertling zuweisen will würde sie ja immerhin noch eine gewisse wohlthätige Wirkung ausüben können aber nur in dem allerbeschränktesten Umfange,1.6382568,Quota Exceeded
7177,1887,Dem gegenüber führe ich an da dies nicht der Fall ist da ein groer Theil unserer Arbeiter mit viel gröeren Gebrechen ihre frühere Arbeit verrichten,2.0998576,Quota Exceeded
8185,1881,Der Mann hätte ja vielleicht in der Zeit auch hier sterben können,2.1074166,Quota Exceeded
5653,1885,Meine Herren es wird Sie interessiren die Ziffern über die Auswanderung des laufenden Jahres zu vernehmen,1.5533123,Quota Exceeded
18541,1887,Ich habe auch dafür da thatsächlich z der Abgabe hinterzogen würde keine eigentlichen Anhaltspunkte gefunden,-2.4178014,Quota Exceeded
18061,1884,Fortsetzung der zweiten Berathung des Entwurfs eines Gesetzes betreffend die Feststellung des Reichs haushaltsetats und zwar zunächst,-2.2441773,Quota Exceeded
12253,1887,Ich fasse die wenigen Worte die ich zu sagen habe dahin zusammen,-2.2398233,Quota Exceeded
11713,1887,Und da will ich das Wort einlösen das ich mehr als einmal gegeben habe da auch das deutsche Vater land auf mich auf uns zählen kann,-2.5005295,Quota Exceeded
3853,1884,hat da diese auf Grund der Statuteneinreichung falls die Kasse es beantragt zugleich bescheinigt da auch dem zweiten Gesetz genügt ist,-2.5139062,Quota Exceeded
13909,1889,10 Tit 11 Tit 12 Diese Titel und damit das ganze Kap,-2.9440053,Quota Exceeded
21205,1882,der Abgeordnete Schmidt hat wohl gewut da die Klassifikation zwischen harten und weichen Kammgarnen unmöglich ist,-2.3544571,Quota Exceeded
16873,1880,Es ist das was ich Eingangs sagte durchaus wahr da es nämlich mit dem Menschengeist eine ganz wunderbare Bewandtni hat,-2.5765123,Quota Exceeded
2437,1885,Ich gebe wie gesagt zu da das eine diskutable Frage ist,-4.168149,Quota Exceeded
13873,1884,Wie haben Sie es denn ge macht als 1807 das Herzogthum Warschau begründet wurde,-2.1788518,Quota Exceeded
2473,1888,Auch in dieser Hinsicht glaube ich da Remedur geschaffen werden mu,-2.301096,Quota Exceeded
11761,1881,Es ist ja nicht zu leugnen da das Gesetz praktisch sich nicht so bewährt hat als man es vorsausgesetzt hat und da wesentliche Mängel an dem Gesetze sind,-2.161512,Quota Exceeded
14857,1887,11 bis 3 ZZ 3 4 ZZ 5 ZZ 6 Einleitung und Ueberschrift,-3.0917757,Quota Exceeded
5509,1869,Ich bitte die Herren es abzulehnen um so mehr als Sie aus dem Munde des Herrn Zollbundes Kommissarius gehört haben da auch die Regierungen diese Fassung wünschen und im ZollParlament gegenüber den Vereinsregierungen die auf Vertrag beruhen glaube ich doch da man mehr Gewicht darauf legen mu als z B bei uns im Reichstage,-1.0284821,Quota Exceeded
1333,1869,Die vorliegenden Wahlverhandlungen haben ergebend da sich allerdings im Bezirke von Mittelgründe unter den Wahl zetteln 15 Stück befinden welche von auen mit Blaustift num merirt sind,0.5194625,Quota Exceeded
16705,1869,also bei der Wahlhandlung sind sämmtliche dabei Beauftragte keine Beamten und bei der Ermittelung des Wahlergebnisses in den Wahlkreisen,-0.2895021,Quota Exceeded
217,1867,Der Antrag der Abgeordneten Schleiden und Francke und der Antrag des Abgeordneten BraunHersfeld betreffend die Stellung Altonas werden zurückgezogen,-1.3301948,Quota Exceeded
18253,1867,Ich habe per sönlich mit Bestimmtheit gehofft wir würden dasselbe noch in dieser Session des Reichstages vorlegen können und hoffe es ist möglich da dies noch durchzuführen ist,-0.27761006,Quota Exceeded
9757,1867,zu den Festungen II Klasse 33 und zu den Festungen III Klasse 1 Es ist ganz natürlich da die Ausgaben für alle diese Vermehrungen sehr bedeutend sind,-1.9365464,Quota Exceeded
3433,1869,Wir haben im vori gen Jahre ebenfalls zuerst über Petroleum abgestimmt und sind dann weiter in der Abstimmung vorgegangen,0.19569758,Quota Exceeded
9541,1867,Der Vollständigkeit wegen habe ich zu erwähnen da ähnliche Verhältnisse beispielsweise in MecklenburgSchwerin sich heraus gestellt haben wo die Postverwaltungen an die StaatsChaussee Kasse Chausseegeld und zwar nach Magabe der Benutzung der Chausseen durch die Staatspost zu entrichten gehabt hat,-1.6039684,Quota Exceeded
14173,1867,Meine Herren ob ein Sachse in Sachsen oder Herr Blum in Preuen den Triumpswagen der Reaction zieht da ist wohl ganz gleich er wird aber hüben und drüben gezogen,0.033584647,Quota Exceeded
10993,1868,Ich bin in dieser Hinsicht bei der Bewilligung einer Einnahme ebensowenig skrupulös wie bei der Ermäigung einer Einnahme ohne Kompensation wenn es sich um so geringfügige Sum men handelt,0.7153245,Quota Exceeded
21217,1869,Wird er abgelehnt so nehme ich an da den 1 April wieder angefangen werden soll,0.0004861951,Quota Exceeded
5017,1867,Ich glaube des halb da der Herr Vorredner vollkommen Recht hatte wenn er sagte da die Verantwortung sür Alles was in dem Staats leben des Bundes wie in dem Staatsleben der verbündeten Staaten vorkommen kann wie auch ich mir schon vor Mona ten auf dieser Stelle zu bemerken erlaubte vollständig ebenso gedeckt bleibt wie sie srüher war,-0.6253374,Quota Exceeded
12817,1867,Meine Herren das Gebiet der Theuerungszulage mu mit groer Vorsicht betreten werden,0.9025008,Quota Exceeded
7381,1869,Ich will Diejenigen welche es interesstrt z B an unsere Schleswigschen Austernbänre erinnern,2.007848,Quota Exceeded
2917,1867,Wir hahen an diesen Verträgen keinen Theil gehabt uns gegenüber sind diese Verträge nichts weiter als ein neuer Act der Theilung unseres Vaterlandes,1.4699746,Quota Exceeded
2365,1869,Meine Herren wir versuchen von zwei Seiten aus die Beseitigung eines wesentlichen Uebelstandes,1.4802494,Quota Exceeded
1237,1867,Ich finde es natürlich wenn Anhänger und Die ner einer gestürzten Dynastie oder eines Prätendenten welcher seine Ansprüche nicht verwirklichen konnte die berechtigte Wärme eines Gefühls für eine Sache der sie einen Theil ihres Lebens vielleicht ihr ganzes Leben gewidmet haben hierher übertragen und daraus eine Kälte eine gewisse kühle schlüpfrige Gegen sätzlichkeit zu dem heutigen Zrele maniseftiren,1.389956,Quota Exceeded
15361,1869,der Verordnung vom 14 November vorigen Jahres damit begnügt von den Offizieren des dort garnisonirenden Bataillons eine ganz geringfügige Korn munälsteuer zu erheben,1.4277921,Quota Exceeded
22465,1867,Präsident Sie werden sich leicht überzeugen da diese Bemerkung nicht innerhalb der Grenzen einer persönlichen liegt,1.7891115,Quota Exceeded
17989,1867,ich will spre chen von der Pressung unserer jungen Leute zum fremden Mi litairDienst und von der Verfolgung derjenigen welche zurück kommen wenn sie in Dänemark ihren Dienst gethan haben,2.0214038,Quota Exceeded
20905,1867,Und meine Herren möge der Adel nur in allen Na tionen 1 1 Präsident unterbrechend,1.926139,Quota Exceeded
9409,1867,ich will Sie ferner an die Erfahrungen des vorigen Jahres erinnern,3.221343,Quota Exceeded
2725,1867,Nun meine Herren noch ein Wort an Sie als Volksver treter,2.8113177,Quota Exceeded
3457,1868,Wenn wir demnächst nur den zwölften Theil davon erheben so hätten wir von der Taback steuer bei einer Konsumtion von einer Million Centner eine Einnahme von 10 Millionen Thaler,2.0947316,Quota Exceeded
16561,1868,Man kann sagen wir überstürzen uns in Tarifreformen eine Reform schlägt die andere,1.7378962,Quota Exceeded
2461,1869,Meine Herren wir müssen in den Einführungsgesetzen der einzelnen Staaten unterscheiden ergänzende und abändernde Bestimmungen derselben,1.5162405,Quota Exceeded
2017,1867,es ist zugegeben worden statt des Pauschquantums die Specialistrung dieses Etats,-2.7103891,Quota Exceeded
2437,1867,Damit bleibt aber nicht ausgeschlossen da die Gesetzgebung sich auch über haupt mit ColonisationsFragen beschäftigen kann,-2.2495637,Quota Exceeded
6601,1869,Die Motive sagen zu meinem Erstaunen das Handelsgesetzbuch habe dieses Schicksal gehabt,-2.5009716,Quota Exceeded
4753,1867,Ich bringe jetzt den Antrag aus Schlu der Discussion zur Abstimmung,-2.2226794,Quota Exceeded
19153,1869,Ich habe geglaubt da ich das Recht habe es auszusprechen da die feudale Partei in Mecklenburg wie ich sagte nichts weiter wollte als die Gesetze des Norddeutschen Bundes unschädlich machen,-2.5319843,Quota Exceeded
6469,1867,Ich hatte mich zum Worte gemeldet gegen den Antrag des Herrn Abgeordneten Zachariae,-2.2146578,Quota Exceeded
9781,1869,Ich hatte das also richtig ver standen da die Nr 66 zu dem Antrage Dr Friedenthal nicht pat,-2.561954,Quota Exceeded
6265,1868,Abgeordneter Graf zu Münster Ich bitte das Haus um Entschuldigung da ich nicht hier war,-2.806624,Quota Exceeded
17629,1867,der 2 Titel des 4 Capitels der fortdauernden Ausgaben auf Seite 22 des HauptEtats bewilligt,-3.1017942,Quota Exceeded
11425,1867,Auch an dem Axiom lät sich die Sache klar machen da jedes Volk das Maa der Freiheit dessen es würdig und be dürftig ist auch wirklich geniet,-2.310904,Quota Exceeded
11989,1868,Was nun das Aequivalent betrifft welches nach dem 1 Januar 1870 durch die Tabacksteuer aufkommen wird so hat der Herr Abgeordnete für Aalen dasselbe auf Null veranschlagt,-2.2128134,Quota Exceeded
14521,1869,Ich halte mich also dadurch da ich das Bedürfni nicht gefühlt habe entschuldigt da ich die Vorbereitungen nicht getroffen habe,-2.2409203,Quota Exceeded
10321,1869,Ich glaube nicht da die Sache deshalb über Ge bühr verzögert zu werden braucht,-2.4729195,Quota Exceeded
10657,1905,Aber da es sich bei der Schaffung der gehobenen Unterbeamten stellen nicht um eine Liebhaberei sondern um eine organi satorische Veränderung um eine dienstliche Notwendigkeit handelt müssen wir darüber hinwegkommen,0.46177197,Quota Exceeded
17029,1908,Sie reden den Arbeitern vor da Sie es sind die Sozialpolitik machen obgleich Sie tatsächlich doch niemals in der Lage waren diese Sozial politik durchzusetzen wenn Sie nicht dabei die Unter stützung der anderen bürgerlichen Parteien gesunden hätten,-0.22852692,Quota Exceeded
19429,1905,Darauf antwortete mein Freund Fischer ja warum greift ihr denn nur einen im Verhältnis zum Ganzen unbedeutenden Teil aus der Kaiserlichen Botschaft heraus,-0.16701017,Quota Exceeded
24517,1905,Wie der Herr Präsident soeben schon bemerkt hat ist bei den Titeln der einmaligen Ausgaben des ordentlichen Etats seitens der Butgetkommission nirgends etwas gestrichen worden,0.39104825,Quota Exceeded
10861,1906,Aber wenn er das will dann gebe er zunächst die Privilegien auf an denen er festhält die ihm der Staat garantiert so gebe er die Mittel auf die ihm der Staat aus allgemeinen Steuern gibt,-0.44443852,Quota Exceeded
16525,1908,lät sich also annehmen da der freie Wettbewerb auch dorthin kommen wird und da auch deutsche Schiffe dort hinkommen um die Waren die auf Verfrachtung warten zu expedieren,-1.4106451,Quota Exceeded
18397,1908,Ich kann mich aber vor allem auf eine Autorität berufen die auch vielleicht den Herren vom Zentrum von Bedeutung ist,-0.24067503,Quota Exceeded
8461,1908,Niemand von uns hätte geglaubt da die Zahl der Klagen bei den Kaufmannsgerichten so ungeheuer gro sein wird wie es in der Tat der Fall ist,-1.0207707,Quota Exceeded
23197,1908,Eine Interpretation innerhalb des Bundesrats allein würde ich auch für durchaus ungenügend erachten,-0.332454,Quota Exceeded
2977,1904,Trotzdem kann man nicht behaupten da der Knappe in so gesunder Lust arbeitet wie der Arbeiter über Tage,-1.2086304,Quota Exceeded
23737,1905,Ich halte sie für die Grundlage einer Verständigung für die Zukunft,-0.025419116,Quota Exceeded
8185,1906,Man hatte die Ein geborenen längst zur Verzweiflung getrieben und ihnen den letzten Rest von Vertrauen an Treu und Glauben der christlichen Deutschen geraubt,0.24252409,Quota Exceeded
3325,1905,Es mag ja dem Landwirt nicht angenehm sein sich seinen Betrieb anders einzurichten,0.29801965,Quota Exceeded
793,1900,4 Brüsseler Konvention betreffend Manahmen zur Beschränkung der Einfuhr von Spirituosen in,2.0744672,Quota Exceeded
14221,1908,Er hat gesagt er habe bei Meistern gearbeitet die von ihm lernen konnten,1.4809222,Quota Exceeded
2749,1902,Inde bei diesem Bestreben giebt es auch für den Herrn Kriegsminister natür liche Grenzen,1.3557962,Quota Exceeded
5809,1902,Aber meine Herren sie dürfen ja darüber nichts sagen denn die Reichsregierung hat es ihnen in einem geheimen Zirkular rundweg verboten,1.8799624,Quota Exceeded
16117,1900,Derjenige Betrieb von dem ich vorhin bereits sprach dessen Verhältnisse mir näher dargelegt worden sind hat es so eingerichtet da auch den von ihm angestellten Arbeitern und es haben sich zwei groe Berliner Firmen ohne weiteres dazu bereit erklärt die Kohlen zu denselben Preisen geliefert werden wie dem Unter nehmer selbst,1.5025675,Quota Exceeded
6589,1900,diese Fälle sind verhältni mäig häufiger und in ihren Folgen verderblicher als das Ausstöen vorne denn bei dem Ausstöen von vorne bildet schon die Lokomotive mit dem Tender einen sehr wirksamen Puffer,1.4043113,Quota Exceeded
7477,1908,Was für einer Was für einer darüber steht der Sozialdemokratie kein Urteil zu sehr richtig,1.3847027,Quota Exceeded
1621,1904,Wir hegen die Hoffnung da dieselben die Majorität werden finden können,1.355571,Quota Exceeded
9409,1904,es ist eine Erleichterung für diejenigen die im härtesten Kampfe ums Dasein stehen,1.6318123,Quota Exceeded
19837,1904,Ich verspreche mir von der Besprechung dieser Inter pellation eine gewisse Beruhigung unter den Bergarbeitern wie auch in der gesamten Bevölkerung,1.7619607,Quota Exceeded
7261,1907,Aber was hier in Berlin spielt ist ein anderes Beispiel für den Boykott und Terrorismus,1.7259387,Quota Exceeded
7345,1904,wären diese betreffenden Leute nicht Militärpensionäre ge wesen dann würden die verschiedenen Zivilfonds ihnen ihre Pension geben müssen die sie sich redlich verdient haben gerade wie den Beamten die nur im Zivildienst tätig gewesen sind,1.530416,Quota Exceeded
13477,1905,Nein seit 1887 ist an unserer Spiritusbesteuerung prinzipiell keineAnderung vorgenommen worden,2.1232479,Quota Exceeded
13777,1906,Ich glaube das lät sich auch nicht aus der Welt schaffen durch die wenigen Gutachten einiger Zollbeamten aus Rheinland und Hamburg,-2.6295514,Quota Exceeded
4849,1906,In dem Wort Gutgesinnte kam das ja recht deutlich zum Ausdruck,-2.8813996,Quota Exceeded
12805,1900,Was sind das heutzutage überhaupt im allgemeinen für Zu stände im Handwerk,-2.5427701,Quota Exceeded
15697,1905,Aber das eine mu doch stutzig machen da in sämtlichen europäischen Staaten mit Ausnahme des Deutscken Reichs in der Gesetzgebung bestimmt ist L was ist Fabrik was ist Handwerk,-2.560481,Quota Exceeded
21421,1906,Aber ich glaube da das Geschäft nicht eintreten Wird und auch schwer zu machen ist,-2.7307327,Quota Exceeded
7717,1907,Ich glaube da diese Charakteristik auf keine der Parteien im Hause pat,-2.1778088,Quota Exceeded
16561,1902,Ich glaube doch da der Herr Staatssekretär etwas zu rosig die Sache gemalt hat,-3.2163596,Quota Exceeded
19189,1905,Aber ich bin mir wie gesagt auch nicht bewut da ich M das Drängen abgewartet hätte,-2.8627071,Quota Exceeded
10945,1906,v Kardorff Abgeordneter Ich habe auch nicht die ly Absicht heute etwa noch eine lange Rede zu halten,-2.5422583,Quota Exceeded
22753,1908,Richtig ist wie er ja selbst zugibt da auf einem Stimmzettel dem Namen des Kandidaten wenn auch nicht das Wort Lump so doch Spitzbube hinzugefügt war,-3.3656814,Quota Exceeded
16501,1906,Der Fall hat zum letzten Male den Reichstag am 17 März d I beschäftigt,-3.1744776,Quota Exceeded
23737,1906,Ich habe mich bemüht die Tatsachen möglichst objekiv und auf Zahlen gestützt Ihnen darzustellen,-2.5791588,Quota Exceeded
15793,1906,Damit hat das gar nichts zu tun was er in Österreich zu zahlen hat,-2.6120486,Quota Exceeded
35713,1906,Nein Ja Nein Ja Ja Ja Ja Ja Ja Ja Ja Ja Ja Ja Ja Nein Ja,-7.009942,Quota Exceeded
37369,1906,Ja Ja Ja Ja Ja Ja Ja Ja Ja Ja Ja Ja beurl,-9.071566,Quota Exceeded
5113,1905,Zu Art 1 Zu Art 4 Zu Art 5 Zu Art 6 Zu Art 8 Zu Art,-8.575079,Quota Exceeded
24625,1909,Ich rufe dann auf Anlage VIII IX X XI XII XIII XIV XV XVI Bewtlliat,-6.0429115,Quota Exceeded
1717,1905,Zu Art 1 Zu Art 4 Zu Art 5 Zu Art 6 Zu Art 8 Zu Art,-8.575079,Quota Exceeded
19381,1906,In 38 Absatz 44 lautet das Zitat statt 8 35 Absatz 2 3 35 Absatz 2 33 und 5,-6.301609,Quota Exceeded
16489,1906,Und so hat man auf das Amt gedrückt hat auf die,-5.6666684,Quota Exceeded
26977,1905,Hier rufe ich auf I Zu Art 4 II Zu Art 5 III Zu Art 7 IV Zu Art 12a,-6.172198,Quota Exceeded
31549,1905,33 I II III Art 4 Art 55 I II III 5 6 7 8 IV 1 2 3 VV 1 VI VII VIII IX X XI XII XIII Zu Art,-5.9675603,Quota Exceeded
23113,1919,da der zeitweise Beigeordnete im Reichsjustizamt Cohn 0 in der Berliner Juristischen Gesellschaft erklärte da man bei der Reform der Gerichtsverfassung an der Un absetzbarkeit der Richter nicht haltmachen werde hört hört,0.18961883,Quota Exceeded
6481,1913,sie sagen aber mit Recht es würde noch besser sein wenn die Stück zeiten die im wesentlichen auf den alten Stücklöhnen basieren auf der ganzen Linie wenn auch erst nach und nach vermittels Probearbeiten neu festgesetzt würden,-0.28450054,Quota Exceeded
20137,1919,Die Urteile sind von dem Vorsitzenden und bei dessen Verhinderung von dem ständigen Mitglied zu unterzeichnen zustimmen wollen sich von ihren Plätzen zu erheben,1.2602239,Quota Exceeded
4717,1911,der Begriff des Wesentlichen ist uns eben anstöig und wir find auch nicht in der Lage einen besseren Begriff an die Stelle zu setzen,0.45994854,Quota Exceeded
8233,1911,Nun meine Herren hat man auch es ist ja möglichst schweres Geschütz aufgefahren worden das monarchische Prinzip angeführt,-0.9126097,Quota Exceeded
39385,1915,4 warum habe ich sachlich nie begriffen allmählich diese 65 Prozent die wie gesagt reichlich über das hinausgehen was wir in Deutschland brauchen,-1.0287404,Quota Exceeded
46861,1919,Er hat sich auch nach Deutsch Krone begeben um dort die dritte Division die spätere Retchswehrbrigade zu führen,-0.79290485,Quota Exceeded
2089,1910,Wer also nichts tut als in einwandfreier Form sein Wahlrecht auszuüben erfüllt voll und ganz die Er wartungen der Kaiserlichen Botschaft,-0.6537175,Quota Exceeded
6673,1911,aber es darf auch bet dieser nie der Pfad von Recht Gerechtigkeit und Billigkeit verlassen werden,0.21704066,Quota Exceeded
7153,1911,Die Verhandlungen die in der Kommission statt gefunden haben veranlassen mich die Frage auszuwerfen welches denn eigentlich die Aufgaben des Gouverneurs von Kiautschou sind,-0.5647284,Quota Exceeded
9637,1919,Unsere Generation wird schwer an den Folgen dieses Krieges und der Revolution zu tragen haben vielleicht liegen noch schwerere Zeiten als die jetzigen vor uns,1.0938334,Quota Exceeded
10477,1917,Mir ist zweifelhaft ob die Herren Antragsteller sich über das was der Vor schlag in dieser Fassung bedeutet völlig klar gewesen sind,-0.6061276,Quota Exceeded
12877,1919,Braun Franken zu entsprechen und zunächst daiüber ab stimmen zu lassen ob der eiste Absatz aufrechterhalten wird,-1.9062226,Quota Exceeded
30025,1918,Sie regen sich nur auf über die Polen die rechts vom Strich zur Ukraine gehören,1.9170866,Quota Exceeded
24157,1917,Wir wollen in dieser Beziehung mit der Reichsentschädigungskommission in Verbindung treten,1.3453379,Quota Exceeded
13237,1910,Diesen politischen Bedenken gegen über kann es unerörtert bleiben in welcher Weise formell den Wünschen der Herren von der Linken entsprochen werden könnte,2.836396,Quota Exceeded
17641,1913,Die Bedenken die von den 88 Gartenbau verbänden angegeben worden sind kann ich in keiner Weise teilen,2.1362846,Quota Exceeded
8497,1918,Es handelt sich also um Forderungen die gerade von meiner Partei von jeher mit besonderem Interesse vertreten worden sind,1.8290577,Quota Exceeded
23773,1919,Sie können es persönlich machen wenn der Abgeordnete gegen den Sie polemisieren,1.8131392,Quota Exceeded
14473,1918,Das wird schon meistens von den Offizieren gelten noch häufiger von den Reserveoffizieren und solchen Herren die im Zivil Angestellte oder Leiter von Unternehmungen waren,1.8974614,Quota Exceeded
5737,1919,Ich bin einverstanden da innerhalb dieser Grenzen der Gesetzentwurf ausgedehnt wird und innerhalb dieser Grenzen eine weitere Gebührenerhöhung sich vollziehen darf,1.3484015,Quota Exceeded
10465,1917,Wer zu einer Regtemng und ihrer Politik kein Vertrauen hat darf ihr kein Geld bewilligen auch keine Kriegs kredite,1.6529064,Quota Exceeded
26041,1913,Ich habe schon früher in eingehender Weise die vielseitige Tätigkeit dieser Maschinisten hervorgehoben und da es notwendig sei um ihre Autorität zu wahren den Untergebenen gegenüber ihnen einen entsprechenden Titel zu verleihen und zwar den eines Maschinenmeisters,1.5422974,Quota Exceeded
11317,1911,Nur ein Beispiel Wie sollten wir uns z B um die Wohnungsverhältnisse kümmern,2.0624015,Quota Exceeded
23833,1918,Herr Dr Roesicke meinte vorhin er vermisse da auch ein Brenner darin sitzt,2.7135057,Quota Exceeded
18985,1910,denn das ist ein lebensgefährlicher Auftrag den Sie Ihrem Vertreter erteilen,1.7781361,Quota Exceeded
14293,1918,Auch von den Sozialdemokraten dieser Kouleur zu den Sozialdemokraten wurde ja monatelang damit krebsen gegangen da das doch etwas wäre wenn man es dazu gebracht hat da ein leib haftiger Demokrat zum Vizekanzler gemacht wird,-2.3735976,Quota Exceeded
21661,1917,Ich wei ja nicht ob die Kriegsamtsstelle Leipzig auch die Kosten dafür bezahlt,-2.3847384,Quota Exceeded
48073,1913,Da das Bureau zweifelhaft ist bitte ich um die Gegen probe,-2.6479988,Quota Exceeded
18445,1912,Man hat auch be achtenswerte Grundsätze dafür aufgestellt z B in bezug auf die Verwendung von Kraftmaschinen,-2.4866824,Quota Exceeded
15109,1913,Das kann man nicht oft genug sagen und das müssen wir gerade jetzt sagen wo das Gesetz angewendet wird,-2.1869905,Quota Exceeded
13501,1911,Es ist Tatsache da dort die Arbeitgeber den Arbeits nachweis durchgedrückt haben,-2.8580682,Quota Exceeded
31105,1918,Es beruht also nicht das Recht des Landtages auf dem Rechte des Zaren sondern umgekehrt beruht das Recht des Zaren auf dem Rechte des Landtags,-3.1152153,Quota Exceeded
14461,1913,Es schweben noch Verhandlungen in Krefeld Fulda Leipzig Plauen Bautzen Chemnitz Glauchau Darmstadt Mainz Wolfenbüttel Saalfeld und Alten burg,-3.0213044,Quota Exceeded
5665,1913,Ich habe auch bezahlt sagte aber ich wende mich nach Berlin,-3.2891588,Quota Exceeded
36613,1911,Nun kommt hinzu da Frankfurt ein Zentralplatz für ganz Süddeutschland ist,-3.4047282,Quota Exceeded
6097,1919,Es liegt auf der Hand welche Ziele da zu verfolgen sind,-2.3060865,Quota Exceeded
5305,1913,Ich glaube da sobald eine Waffe ge schmiedet wird welche auch gegen uns Anwendung finden,-2.8677392,Quota Exceeded
11161,1917,Das ist die eigentliche Absicht dieses Antrags und dagegen möchte ich mich auf das entschie denste wenden,-2.3061938,Quota Exceeded
2977,1913,Ich rufe auf zu Art 1 zu Art 2 zu Art 4 zu Art,-6.5733314,Quota Exceeded
33709,1913,Nein Ja Ja Ja Ja Ja Ja Ja Ja ii Ja Nein,-5.9063497,Quota Exceeded
35437,1913,Nein Ja Ja Ja Ja Ja Ja Ja Ja Ja Ja Ja,-9.12028,Quota Exceeded
11137,1917,65 Tit 1 6 Nachtrag zum Etat für das Reichsschatzamt Kap,-5.977029,Quota Exceeded
6589,1896,und eben alle diese Dinge Thatsachen die sich noch um sehr sehr viele vermehren lieen beweifen die Unrichtigkeit der Behauptung der Herren Regierungsvertreter da die Aburtheilung durch die Strafkammern die bessere Rechtsprechung sei,0.9257798,Quota Exceeded
19321,1891,Ich erinnere mich sehr gut da unmittelbar nach den 33 groen Schlachten um Metz ich war damals an Ort und Stelle die höheren Leiter bedauerten da die Offiziere sich unnöthig exponirten und sagten es sei nicht blo mit dem persönlichen Muthe gethan man mu die Menschen möglichst schonen,-0.37110376,Quota Exceeded
9685,1899,Gamp Abgeordneter Ich hätte ja im Interesse des Platten Landes und der kleinen Städte eine erhebliche Er mäigung der Telephongebühren für diese gerne gewünscht habe mich aber überzeugen müssen da bei Festhaltung 0 der Grundsätze welche bisher die Reichstelegraphenver waltung bei Normirung dieser Gebühren aufgestellt hat und die auch die Billigung des hohen Hauses gefunden haben eine Ermäigung der Telephongebühren für das Platte Land und die kleinen Städte in wesenlich,-0.19757415,Quota Exceeded
8437,1899,Inde diese Bedenken machen sich bei jedem Zuwachs der Postbeamten geltend,-1.4154692,Quota Exceeded
2965,1891,Er hat ja schon konstatirt da wir beide uns in einem gewissen Gegensatz befinden in Bezug auf unsere Anträge zu diesem Paragraphen,-0.61452574,Quota Exceeded
1549,1891,Ich möchte Sie also dringend bitten in Bezug auf diese Ziffer 22 den von uns gestellten Antrag anzunehmen,-0.87340146,Quota Exceeded
25369,1896,Gründe moralische Gründe der allereinschneidendsten Art die Sie veranlassen müssen unserem Antrag zuzustimmen und ich hoffe da Sie das eben gerade in der Ihnen schon mehrfach vindizirten Eigenschaft als Wächter von Moral Sitte und Ordnung auch thun werden,-0.09770849,Quota Exceeded
3529,1893,Antragsteller Abgeordneter von Staudy Meine Herren ich mu zunächst auf einen Vorwurf eingehen welcher regel mäig aus jener Seite des Hauses und auch von ihrer Presse erhoben wird wenn von unserer Seite Klagen über das Funktioniren des Alters und Jnvaliditätsgesetzes erhoben werden,0.79668427,Quota Exceeded
3025,1891,Ich werde mich deshalb auf eine kurze Be merkung zu dem vorliegenden Antrag der Herren Graf Adelmann und Genossen beschränken,-0.046388626,Quota Exceeded
20329,1891,Wenn ich um das Wort gebeten habe so geschieht es aus Anla einer Ausführung welche der Herr Abge ordnete Freiherr von Pfetten in seiner Rede gemacht hat,-0.24603987,Quota Exceeded
3553,1896,kommt in diesem Fall noch die Unbeholfenheit mit der deutschen Sprache hinzu wenn der den Beamten um Entschuldigung bittet und auerdem eine Sühne an die Unterstützungskaste zahlt der Strafantrag aber nur mit Ein verständni des Beamten zurückgezogen wird,-1.077158,Quota Exceeded
19633,1899,Der Arbeits vertrag das Verhältni des Arbeiters zum Bergwerks besitzer regelt sich am zweckmäigsten nach den Bestimmungen der Gewerbeordnung die wir jetzt schon in vielen Theilen bei den Bergwerken haben einführen müssen und die jene Lücken darin gerissen hat von denen der Herr Abgeordnete Sachse eingangs seiner Rede sprach,0.9460584,Quota Exceeded
11677,1899,und der dritte Grund war endlich der da man sich sagen mute das Verfahren der Entziehung der Gewerbeberechtigung nimmt unter Umständen namentlich wenn es durch die Instanzen eines verwaltungsgericht lichen Verfahrens läuft eine sehr erhebliche Zeit in An spruch,0.053116724,Quota Exceeded
3025,1896,Unter den zugelassenen Ge werbesteuern sei aber nur das gemeint was man im allgemeinen unter einer Gewerbesteuer ver stehe d h eine analog wie von anderen Ertrags,1.3429692,Quota Exceeded
5377,1891,sind oder einen eigenen Hausstand führen oder bei einem Mitglieds ihrer Familie wohnen sich von ihren Plätzen erheben,2.0510266,Quota Exceeded
23065,1890,Die Vorlage erfüllt also nur eine Forderung der Gerechtigkeit wenn sie dieser Klasse der Brennereien ein erhöhtes Kontingent gewährt,2.3894644,Quota Exceeded
21985,1890,welche in keinem der Jahre 188788 v bis 188990 ersetzen wollen,2.2859473,Quota Exceeded
17521,1897,Wir müssen uns aber nun einmal mit den gegebenen allgemeinen Raumverhältnissen abfinden,1.450955,Quota Exceeded
7177,1892,Gleichmäige Vertheilung der Militärlast ist dies allerdings aber nicht Verminderung sondern eine bedeutende Erhöhung der Militärlast,1.386283,Quota Exceeded
6085,1890,Dann sprach der Herr Staatssekretär noch von den sehr groen Summen die dem Reich verloren gegangen wären im Wege der Prämie,1.8955603,Quota Exceeded
15109,1891,Meine Herren es ergiebt sich aus den Jahren von 1880 bis 1890 folgendes Resultat in Bayern,1.497393,Quota Exceeded
1969,1899,Ich könnte Ihnen diese Briese vorlesen es würde heute aber zu weit führen,1.4335539,Quota Exceeded
4021,1892,Ich meine da eine Steuer gerade auf diese Preerzeugnie in keiner Weise Bedenken einflöen könnte,2.3064919,Quota Exceeded
19309,1895,Mit den vorgeschlagenen Mitteln wird die Religion nichts gewinnen die Sitten werden sich nicht bessern und die Ordnung im Lande wird sie wegen einer allgemeinen Unzu friedenheit in eine allgemeine Verwirrung und Unordnung umwandeln,1.3429393,Quota Exceeded
9757,1899,allein 6951 Klagen wo hervorragend nur Arbeiterinnen daran be theiligt waren,1.4797869,Quota Exceeded
13393,1891,Abgeordneter Dr von Komierowski Meine Herren nach diesen Erörterungen des Herrn Reichskanzlers und der Vorredner die nicht blo im Prinzip sondern auch im Detail sehr eingehend waren werden Sie in der späten Stunde in der wir uns befinden nicht verlangen da ich die einzelnen Punkte auch ebenso eingehend berühre,1.6128685,Quota Exceeded
2725,1891,Ich behaupte nun zunächst da die in Westfalen übliche achtstündige Schicht exkl,-3.0005112,Quota Exceeded
20005,1891,das ist eine Frage der Würde des deutschen Reichs da wir da wo wir einmal festen Fu gefat haben auch bleiben und das wiederhole ich,-2.2377086,Quota Exceeded
12133,1895,Ich hitte Sie zum Beweis dafür da das Handwerk heute noch leistungs fähig ist sich die Ausstattung dieses Saales anzusehen,-2.780479,Quota Exceeded
25717,1891,Also das ist durchaus nicht gesagt da das zum Vortheil der deutschen Papierfabrikanten wäre,-2.479011,Quota Exceeded
13213,1893,M und dabei bleibe ich stehen und glaube das ist auch das RMge,-3.4501133,Quota Exceeded
11053,1892,Das ist die Aeuerung die ich damals wörtlich gethan habe und die ich auch aufrecht erhalte,-2.6971288,Quota Exceeded
5425,1891,Jedenfalls würde der erste Satz wie er jetzt nach dem Antrag lautet,-2.185308,Quota Exceeded
10333,1891,Er hat mich da bei persönlich apostrophirt und hat ausdrücklich gesagt,-2.3525171,Quota Exceeded
12853,1892,Das ist zunächst das was ich auf die Behauptung da L mit dieser Vorlage die Durchführung der allgemeinen Wehr pflicht bezweckt sei zu sagen habe,-2.218121,Quota Exceeded
12997,1896,Ich glaube Sie haben alle den Separat abzug eines Eingesandt der Hamburger Nachrichten be kommen,-2.2436564,Quota Exceeded
10777,1891,Das was dem Entwurf noch als Zuthat angehängt ist ist für mich Nebensache,-3.2905717,Quota Exceeded
15373,1897,andererseits sind aber auch und das mu ich tief bedauern nach Altdeutschland hin wie das so vielfach geschieht,-2.332681,Quota Exceeded
12997,1896,Ich glaube daher da es zweck mäig ist es bei dem Paragraphen des geltenden Gesetzes zu belassen,-2.1500056,Quota Exceeded
20173,1896,Art I II III IV V VI VII VIII IX X XI XII XIII XIV XV XVI XVII XVIII XIX XX XXI XXII Ich konstatire die Annahme,-6.5808225,Quota Exceeded
2509,1890,Art II III IV V VI VII VIII IX X XI XII XIII XIV XV XVI XVII XVIII XIX XX XXI XXII XXIII XXIV XXV XXVI XXVII XXVIII XXIX XXX XXXI XXXII XXXIII XXXIV XXXV XXXVI XXXVII XXXVIII XXXIX XI XII XIII XIIII 6 XIIV XIV XIVI XIVII XIVIII XI4X I 11 111 1111 11V Iv IVI IVII IVIII IIX 1x IXI IXII OXIII 1XIV IXV IXVI IXVII IXVIII IXIX IXX IXXI OXXII IXXIII IXXIV IXXV IXXVI OXXVII IXXVIII IXXIX IXXX IXXXI IXXXII IXXXIII IXXXIV IXXXV IXXXVI IXXXVII IXXXVIII IXXXIX X6 X6I XOII XOIII X6IV X6V X6VI XOVII X6VIII X61X 0 Alle diese Artikel sind genehmigt,-7.3666544,Quota Exceeded
14701,1890,Art I II III IV V VI VII VIII IX X XI XII XIII XIV XV XVI XVII XVIII XIX XX XXI XXII XXIII XXIV XXV XXVI XXVII XXVIII XXIX XXX XXXI XXXII XXXIII XXXIV XXXV XXXVI XXXVII XXXVIII XXXIX XI XII XIII XIIII XIIV XIV XIVI XIVII XIVIII XIIX I II III IIII IIV D IV IVI IVII IVIII IIX IX IXI IXII IXIII IXIV IXV IXVI IXVII IXVIII IXIX IXX IXXI IXXII IXXIII IXXIV IXXV IXXVI IXXVII IXXVIII IXXIX IXXX IXXXI IXXXII IXXXIII IXXXIV IXXXV IXXXVI IXXX VII IXXXVIII IXXXIX XI XII XIII XIIII XIIV XIV XIVI XIVII XIVIII XIIX I Ich habe festzustellen da die Artikel II bis II vom Hause genehmigt sind,-7.741184,Quota Exceeded
18877,1892,Das Mädchen wandte sich an die Staatsanwaltschaft und bat um Schutz,-5.793609,Quota Exceeded
34477,1929,In der Tat wissen wir ja auch aus Erfahrung da die Sozialbeiträge der Unternehmer unmittelbar auf die Arbeitermassen abgewälzt werden sei es bei Lohn verhandlungen sei es bei anderen Gelegenheiten,0.11896622,Quota Exceeded
65653,1920,Sollte in dringenden Fällen hiervon abgewichen werden so ist die Zustimmung des Arbeitgebers erforderlich ist abermals eine Bestimmung die dem Rätege danken absolut entgegengesetzt ist,-0.16604659,Quota Exceeded
9133,1921,Es sind jetzt etwa 70 Fälle von verbrecherischen Handlungen Hausfriedensbruch Landfriedensbruch Mihandlungen Lachen und fortgesetzte Zurufe links Ehrhardt,-0.6238129,Quota Exceeded
32533,1925,Es ist aber doch der eine oder andere hier der es noch nicht wei,0.90813684,Quota Exceeded
22393,1924,Die Politik konnte nur dahin gehen zunächst allen Beamten das zn geben was unbedingt gebraucht wurde um notdürftig das peben fristen zu können und die Differenzierung nach oben um die Möglichkeit zu einer v pebenshaltung über das Epistenzminimum hinaus zn geben mute notwendigerweise abgebaut und kleiner werden,-0.67595613,Quota Exceeded
25117,1925,Sodann Abschnitt Persönliche Steuerpflicht 88 2 3 4 5 Hierzu sind keine Anträge gestellt,-0.16263938,Quota Exceeded
30637,1920,Ich bin fest davon überzeugt da die Wirkung einer Annahme des 13 in der Fassung der Vorlage mit der Hinzufügung die die Regierungsparteien ihm geben wollen die gröte Empörung unter der Beamten schaft und der Arbeiterschaft der Staatsbetriebe aus lösen mu,-0.81333315,Quota Exceeded
20365,1921,Ich möchte doch glauben da durch dieses Gesetz eine so wesentliche Entlastung der Gemeinden eintritt da wir nicht zu weit gehen wenn wir den Gemeinden 20 vom Hundert dieser neuen Lasten auferlegen,-0.4717697,Quota Exceeded
52669,1921,Ich mache dem Betreffenden nicht einmal einen Vorwurf daraus es mögen besondere Verhältnisse vorgelegen haben,0.78559685,Quota Exceeded
23125,1926,Wenn Phrasen und Sprüche satt machen würden dann könnten wir den Reichskanzler in erster Linie als Er nährungsminister gebrauchen,1.2708344,Quota Exceeded
10237,1920,Der Verkauf aller andern Zeitungen aller Richtungen ist nach wie vor gestattet,-0.023980796,Quota Exceeded
22177,1925,Sie haben dieselben Klagen von den Vertretern der slowakischen Arbeiterschaft gehört,0.5549434,Quota Exceeded
21313,1925,Ich mu aber ausdrücklich darauf ans merksam machen da das Präsidium oder das Bureau des Reichstags keinerlei Verschulden dabei trifft,-1.9307045,Quota Exceeded
21889,1925,Gerade über den 44 ist uns ja von Herrn Kvrell einiges gesagt worden,1.9240538,Quota Exceeded
16705,1920,Wir werden nochmals versuchen uns mit denjenigen Parteien zu verständigen mit denen wir dieses Gesetz verabschieden,1.5304369,Quota Exceeded
21697,1925,worden ist Der Hrr Kollege Bredt bat neulich in kehr logischer Weise darüber gesprochen,1.3810432,Quota Exceeded
5449,1921,Oder glauben Sie es bereitet uns Vergnügen wenn wir uns hier zur Freude unserer gemeinsamen Gegner herum zanken,1.7881062,Quota Exceeded
23809,1921,Was tun wir in den Monaten in denen unsere einheimischen Erntevorräte völlig erschöpft find,2.3885117,Quota Exceeded
2365,1921,Ist daher die Reichsregierung bereit durch den Erla einer Verordnung oder durch eine entsprechende Gesetzesvorlage die Verleihung des Titels Professor durch die Landesregierungen in geeigneten Fällen zu ermöglichen,1.4676471,Quota Exceeded
3829,1925,In Wirklichkeit hat die Lohnsteuer im Juni aber 132 Millionen Mark getragen hört hört,1.7294948,Quota Exceeded
15133,1921,Das konnten die Konsum Vereine nicht und so gelangten sie ins Hintertreffen,1.4044211,Quota Exceeded
18541,1925,Die Meinungsverschiedenhei ten liegen heute auf dem Gebiet der technischen und orga nisatorischen Verbesserungen,1.3489192,Quota Exceeded
31897,1929,Dazu kämen die übrigen vorgesehenen Ersparnisse von rund 50 Millionen Mark so da wir glücklich auf 180 Millionen Mark kommen,1.819495,Quota Exceeded
48337,1920,Wenn die Vertretung des Betriebsrats dem Unter nehmer gegenüber nicht durch den Vorsitzenden sondern einheitlich erfolgt so ist es ausgeschlossen da eine Kor rumpierung des Betriebsrates durch den Unternehmer ein tritt,1.4234625,Quota Exceeded
15133,1920,Präsident Herr Abgeordneter Dr Becker Hessen der Antrag Gruber liegt nur handschriftlich vor,1.3569899,Quota Exceeded
13513,1921,Die die neu ins Zuchthaus eingesperrt werden werden durch dieses Beispiel des Idealismus mitgerissen und verweigern von vornherein jede Nahrungsaufnahme sie erklären sich solidarisch,1.4133716,Quota Exceeded
13777,1921,Abschnitt liegt ein Antrag Frau Agnes und Genossen auf Nr 2448 Ziff,-2.4843817,Quota Exceeded
5257,1929,Wir haben das Gefühl da man sich das Material zur Rechtfertigung dieses Schrittes dock wohl erst nachträglich beschafft hat,-2.2270272,Quota Exceeded
11389,1929,Ich würde von mir aus den Vorschlag in bezug auf die Redezeit nicht auf rechterhalten wenn das Haus meint da mit zwei Stunden die Sache zu erledigen ist,-2.165728,Quota Exceeded
3181,1920,Ledebour Abgeordneter Ich bitte das Ent waffnungsgesetz überhaupt von der Tagesordnung abzu setzen,-2.4545584,Quota Exceeded
42361,1920,Ich wei nicht ob noch Zeit genug ist die Sache rückgängig zu machen,-2.5474682,Quota Exceeded
19345,1921,Ich sage gibt es einen frecheren Hohn auf alles Recht als das was das Reichsgericht getan hat,-2.2938488,Quota Exceeded
7969,1925,Gegen stand aus edlem Metall aus Gold das man nicht zur Reichsbant gebracht hat und aus Kupfer das mau nicht an den Staat abgeliefert hat und bis 10 000 Reichsmark für meherere solche Stücke zusam mengenommen,-2.3919513,Quota Exceeded
15673,1920,haben wahihastig zuletzt das Recht sich zu beschweren wenn ihr Vorgehen Schule gemacht hat,-2.8327441,Quota Exceeded
4177,1925,Alles macht der Staat durch das Aucnhandclskommissariat in Moskau und durch seine Handelsvertretungen im Ausland,-2.6822991,Quota Exceeded
2197,1925,Ich mache noch darauf aufmerksam da die Möglichkeit zu Überschnei dungen auch im Rcgierungsantrag gegeben ist,-2.195417,Quota Exceeded
4429,1921,Bei diesen hohen Zahlen kommt man auf eines der Hauptübel an dem die ganze Zwangswirtschaft hauptsächlich gekrankt hat,-2.7521908,Quota Exceeded
32389,1921,Der Ausschu schlo sich dem bayerischen Vorschlag die Abgaben auf die Einkommensteuer zu schlagen nicht an,-2.1944091,Quota Exceeded
5497,1921,Hier gilt das Wort da man sich angenehme Tage schafft um damit unangenehme Jahre einzutauschen,-2.3597455,Quota Exceeded
47641,1921,Aus gaben Kap 1 1 2 Kap 2 3 1 2 Kap,-6.4086423,Quota Exceeded
38797,1921,I dem 1 Absatz des ZZ 26 folgende Fassung zu geben,-5.795785,Quota Exceeded
5113,1878,Zch will den Herrn Abgeordneten Reichensperger in seinen Erwartungen nicht täuschen und auf seine Ausführungen im einzelnen daher nicht eingehen,0.81194067,Quota Exceeded
14581,1878,Es wird dann immer das Bedürfni einer Entscheidung eintreten die bei solchen Streitigkeiten in Preuen auch noch nicht vom Ministerium mit rechtlicher Wirkung gegeben werden kann sondern die dann schlielich beigelegt oder von Seiner Majestät entschieden wird,1.2040045,Quota Exceeded
13813,1878,Sie haben das was Sie dem Arbeiter erst gegeben durch dieses Gesetz absichtlich wieder entrissen und dem werden Sie sich nicht aussetzen wollen,-0.950961,Quota Exceeded
23857,1870,Ich thu es auch und zwar aus demselben Grunde den mein Vorredner anführte,-0.7960517,Quota Exceeded
1561,1874,Sie befinden sich in der gleichen Lage mit den verbündeten Regierungen denn ich glaube nicht zu irren wenn ich an nehme da keine einzige der verbündeten Regierungen sein möchte welche nicht wünschte da das Eine oder das Andere vielleicht sehr Richtiges abweichend geregelt wäre,0.3715711,Quota Exceeded
4021,1875,Lediglich das und nur das spricht der Reichstag aus wenn er den Antrag annimmt,-1.7865751,Quota Exceeded
15481,1874,es solle erklärt werden da es zur gesetz lichen Regelung des Bankwesens nothwendig erscheine die Bestimmungen des vorliegenden Gesetzentwurfs durch Bestim,0.4305005,Quota Exceeded
13345,1871,Der Protest gründet sich aus den Einwand der Wahlbeeinflufsung seitens des Landraths,-0.55319387,Quota Exceeded
8725,1870,ich würde dann Gelegenheit gehabt haben Ihnen zu sagen was aussprechen zu können ich wahrscheinlich jetzt nicht in der Lage fein werde weil ich fürchte unterbrochen zu werden,-0.60335976,Quota Exceeded
5137,1879,Zch glaube das ist eine so natürliche Vorschrift die kaum einer Formulirung bedarf sie hat aber nach der englischen Praxis eine Formulirung gefunden und auf Grund dessen hat der Präsident oder wie es in der englischen Verfassung heit der Speaker die Macht vollkommenheit die einzelnen Mitglieder zur Ordnung zu weisen das heit es geschieht das in der Regel in der Weise da das Mitglied bei Namen aufgerufen wird und der Speaker den betreffenden darauf aufmerksam macht da er sich nicht in der Ordnung befindet,-0.26683518,Quota Exceeded
8089,1875,Ich kann auch den Grund gegen die einheitliche Steuer für Reichszwecke da Bayern ein so viel stärkerer Konsument ist nicht für so bedeutend aner kennen da wir darum von dem Versuch abstehen sollten um so weniger als wir verschiedene besteuerte Konsumtions artikel haben die mit ihren Steuererträgen in den gemein samen Säckel hineingehen die bei uns im Norden einen viel höheren Ertrag pro Kopf geben als im Süden und speziell in Bayern,1.0188833,Quota Exceeded
925,1878,Dis jetzt bestehende Gesetz gebung ist niedergelegt im Artikel 68 der Reichsverfassung und diese nimmt wieder Bezug auf das preuische Gesetz über den Belagerungszustand,-0.86002,Quota Exceeded
24025,1879,Um nun die thatsächlichen Verhältnisse zu zeigen wie der Steuersatz zu der Exportbonifikation sich verhalten hat erlaube ich mir auf Grund statistischer Erhebungen aus den letzten Zähren einige Zahlen Ihnen mitzutheilen,-0.521716,Quota Exceeded
6637,1875,Gleichwohl hat der Herr Minister Delbrück von der schlechten Rübenernte des vorigen Jahres nicht aber von der guten in diesem Jahre gesprochen,1.4347607,Quota Exceeded
553,1877,Gneist und Dr Löwe und endlich meine Herren über einen Abänderungs antrag der mir soeben von dem Herrn Abgeordneten Dr Lasker überreicht worden ist,1.5389857,Quota Exceeded
8221,1879,Meine Herren er lauben Sie mir da ich Zhnen diese wenigen Zeilen vorlese,2.3192317,Quota Exceeded
11545,1871,Abgeordneter von Bernuth Es liegt noch ein vierter Bericht vor Wahlprüfungen betreffend der allerdings mit einem anderen Antrag schliet als die eben erwähnten drei,1.3653269,Quota Exceeded
7285,1871,Oder der an dere Fall tritt ein ein groer Sieg erfolgt,1.8277218,Quota Exceeded
6505,1871,ich meine Sie meine Herren nicht alle persönlich sondern Ihre Gesinnungsgenossen Ihre Stellung für den unfehlbaren Papst genommen,2.040156,Quota Exceeded
12733,1878,Nun meine Herren die Regierung möge da bei allen jenen Urdeutschen die bei uns waren vor dem Kriege und noch bei uns sind eine Untersuchung anstellen,1.5041777,Quota Exceeded
8845,1873,Nur auf einzelne Punkte möge er mir gestatten näher einzu gehen,1.4451481,Quota Exceeded
6541,1870,wie meine Herren soll man sie wählen wenn vonden Urwählern speciell Preuens nur eine ganz geringe Minorität übrig geblieben und die Verhältnisse im ganzen übrigen Deutsch land dieselben sind wie meine Herren soll man eine konstitui rende Versammlung wählen welche mit höherem Recht als die gegenwärtige für sich in Anspruch nehmen kann eine wahrhafte Versammlung von Volksvertretern zu sein,1.502218,Quota Exceeded
4369,1871,Diejenigen Herren die so beschlieen wollen bitte ich sich zu erheben,1.7948046,Quota Exceeded
4645,1871,Ist er das für diejenigen Staaten welche sich bish er einer kon stitutionellen Verfassung erfreuen so ist er es noch viel mehr für diejenigen Staaten ich wiederhole Mecklenburg ist nicht der einzige die keine konstitutionellen Verfassungen haben sondern Landstände,1.4192777,Quota Exceeded
7369,1878,Wenn die Gewerbegerichte segensreich werden sollen dann müssen sie sich des allgemeinen Vertrauens erfreun,2.0425606,Quota Exceeded
4993,1877,ich erlaube mir jedoch meine Herren Sie noch auf einen Punkt hinzuweisen,1.4464715,Quota Exceeded
8137,1878,Da kam das erste Attentat und sofort das Telegramm Ausnahmegesetz gegen die Sozial demokratie,-2.9229257,Quota Exceeded
15493,1871,Ich hatte den Antrag gestellt diese Pro tokolle Nr 14 bis 16 durch das ReichskanzlerAmt an die Staatsanwaltschaft abzugeben aber ich glaube es wird dessen nicht bedürfen,-2.5525346,Quota Exceeded
4681,1879,An und für sich halte ich das Baugewerbe auch nicht für ge fährlich,-2.1508455,Quota Exceeded
15469,1874,Zch zweifle nicht daran wenn die preuische Bank zur Reichsbank umgewandelt,-2.4096599,Quota Exceeded
22981,1879,Wenn man auf diesem Gebiet einmal AA gesagt hat wei man nicht wo man schlielich ankommt,-2.8436031,Quota Exceeded
13525,1875,8 Beitrag zu den Kosten der Fischzuchtanstalt zu Hüningen 21400 Mark,-2.1769366,Quota Exceeded
18721,1874,Ich will das etwas unhöfliche Wort lieber etwas zarter latei nisch ausdrücken nidil duwaui aa ms alisnum puto,-2.3462608,Quota Exceeded
8773,1879,meinde auch das Recht haben zu fordern da zwangsweise Unterstützungskasfen gebildet werden um die Armenlast nicht,-2.2501872,Quota Exceeded
1453,1870,Ich bitte demnach so schnell als möglich und zwar bis zum 1 Januar 1872 auch das neue Münzgesetz einzuführen,-2.4631739,Quota Exceeded
19801,1874,Zch habe selbst das Amendement in das Gesetz gebracht um dessen Auslegung es sich hier handelt und ich Habs sehr wohl gewut was ich dabei be zwecke,-3.4403892,Quota Exceeded
9721,1873,Das englische System wälzt die Kosten der Abnutzung auf das Auslande ab während unser System dem Anlande die Kosten der Abnutzung zur Last legt,-3.0813298,Quota Exceeded
11965,1874,Man mu daher darauf bedacht sein da die Staatsanwaltschaft im Dienste der Ge rechtigkeit sowohl die Interessen des Staates als auch die des Angeklagten vertritt,-2.328596,Quota Exceeded
13033,1876,Es bleibt übrig das alte Schlagwort es handelt sich um ein Ausnahmegericht,-2.5739183,Quota Exceeded
4321,1875,Zch möchte nun noch in Bezug auf Absatz 44 des HH,-5.6536064,Quota Exceeded
4141,1930,Wenn ich mich nun auf den Vorwärts von heute morgen stützen darf dann sind beim Etat des Reichs arbeitsministeriums 118 Millionen Mark abgestrichen worden,0.10664041,Quota Exceeded
6541,1930,In der üblichen weitherzigen Form der heutigen Zeit haben sie sogar einen wenig schönen Gebrauch davon gemacht und das eben hat den Lturm des Unwillens hervorgerufen,0.06067756,Quota Exceeded
12889,1930,Diese Berg arbeiter sind meiner Auffassung nach durch die Gesetzes vorlage nicht genügend geschützt,-0.6021153,Quota Exceeded
8125,1930,Im übrigen will ich zu dieser Frage keine weiteren Aus führungen machen,-0.090607226,Quota Exceeded
33697,1930,Wenn die Nationalsozialisten am Ruder sind und zu bestimmen haben dann sieht es freilich ganz anders mit der Sozialpolitik aus als jetzt,-1.3251994,Quota Exceeded
39961,1930,keinesfalls dürfen diese Unterstützungen aber dazu benutzt werden unsere deutsche Privatwirtschaft die Privatindustrie noch weiter kaputtzumachen,-1.007965,Quota Exceeded
3709,1930,Was haben wir eigentlich noch von unseren Be ziehungen zu der Sowjetunion,0.9799645,Quota Exceeded
12169,1930,Soll dem Bauern der gerechte Schutz versagt werden der dem Arbeiter und dem Beamten als selbstverständ lich gewährt wird,-0.6657179,Quota Exceeded
14881,1930,Es sind genau dieselben Stimmen die uns leider auch im Jahre 1924 zugerufen haben,-0.45516524,Quota Exceeded
28405,1930,Diesen Zollvorlagen haben damals alle verantwortungs bewuten Parteien dieses Hauses aus Überzeugung zu gestimmt einschlielich jener kleinen Bauernparteien auf der Rechten die vorgeben die Interessen des Bauern tums in diesem Hause besonders nachdrücklich zu ver treten,0.1293903,Quota Exceeded
9925,1939,Denn wie müte man uns dankbar sein da wir diese herr lichen Kulturträger freigeben und der anderen Welt zur Verfügung stellen,1.1356606,Quota Exceeded
26101,1930,In Berlin Halle Wiesbaden und einer ganzen Reihe anderer Grostädte haben Sie die ganzen Betriebe ans Ausland ausgeliefert,0.06266031,Quota Exceeded
15253,1930,Die Konsumvereine haben die hohe Funktion Regulator der Preise im Kleinhandel zu sein eine Funktion die von der allergröten volks wirtschaftlichen Bedeutung ist,0.8192576,Quota Exceeded
21925,1930,Das heit mit anderen Worten Sie schenken auf diese Weise den Benzolerzeugern die Kleinigkeit von rund 20 Millionen hört hört,1.9544355,Quota Exceeded
11905,1930,Jedes andere Verfahren würde mit ihrer Absicht unvereinbar sein da die neuen Annuitäten ohne irgendeinen Abzug für frühere Vorgänge entrichtet werden sollen,1.3744686,Quota Exceeded
1393,1930,Die neue Regierung wird Deutschlands Lebens interessen in organischer Weiterentwicklung der bis herigen Auenpolitik aktiv vertreten,1.7262429,Quota Exceeded
8557,1930,Sie sagen sie seien nur Verteilungsstellen so haben es ihre Mitglieder in der Hand ihren Konsumverein zu unterstützen oder nicht,1.9064347,Quota Exceeded
21217,1930,hier besteht eine Regierung Müller die nur so tun darf als ob sie eine Regierung wäre,2.1811647,Quota Exceeded
1993,1930,Ja warten Sie nur meine Herren Nationalsozia listen der in seiner Nummer vom 24 September 1930 einen Artikel mit der Überschrift bringt,1.4110882,Quota Exceeded
28297,1930,Die Politik die hier getrieben worden ist ist weit davon entfernt eine Verständigungspolitik zu sein,1.454935,Quota Exceeded
2533,1939,machung von zunächst 96 Divisionen vorgesehen denen in kurzer Frist eine gröere Anzahl weiterer solcher Ver bände nachfolgen konnte,1.7855847,Quota Exceeded
46513,1930,Dr Dernburg vv Abgeordneter Ich kann in einer persönlichen Bemerkung auf ein unpersönliches Plädoyer des Herrn Abgeordneten Dr Reichert nicht antworten,1.8825543,Quota Exceeded
19177,1930,Geradezu empört aber wird jeder deutsche Mann sein wenn er von Herrn vr,2.0340338,Quota Exceeded
9277,1930,Die Kriegsgeneration d h die während des Krieges weniger Geborenen treten in Erscheinung,2.3113513,Quota Exceeded
19201,1930,der gemeint hätte es wären in Deutschland 20 Mil lionen Menschen zuviel,1.6198981,Quota Exceeded
12949,1930,Sie wird in erster Linie für die groe Mehrheit auf der Gegenseite der Gläubiger mächte sorgen für Deutschland wird nicht viel übrig bleiben,1.6226956,Quota Exceeded
3469,1930,Bayern ist doch der Wald die Haupteinnahmequelle wie man sagt das Rückgrat des Staates,-3.2265873,Quota Exceeded
26053,1930,Reiches sich ausgesprochen und dabei mit Bezug auf die Kassenlage und die schwebende Schuld folgendes gesagt hat,-2.9145494,Quota Exceeded
4045,1930,Fm Abschnitt XX steht auch der Artikel 2971 der den im Auslande liquidierten und um ihr Vermögen gebrachten Ausländsdeutschen das Recht gab Ansprüche an den Staat zu stellen,-2.4044068,Quota Exceeded
9301,1930,Ich darf an nehmen da das Haus auch diesem Antrage beitritt,-3.7660465,Quota Exceeded
3037,1930,Nach der deutschen Landwirtschaft steht der deutsche Waldbesitz infolge der fehlerhaften Zoll und Handelsgesetzgebung vor dem Zusammenbruch,-2.441553,Quota Exceeded
28621,1930,Beim Kapitel Abbau der Wohnungszwangswirtschaft ist ohne weiteres zuzugeben da auch hier der Anlauf gemacht worden ist eine wirtschaftlich unheilvolle Gesetz gebung zu Ende zu bringen,-2.1770258,Quota Exceeded
12241,1930,wer den auf die alte Kapitalschuld aber unter diese alte Kapitalschuld und die ganze Abrechnung über die alte Kapitalschuld ist nach Ziffer 142 des DoungPlans ein Schlustrich gemacht worden und zwar auch mit Zu stimmung der deutschen Sachverständigen,-2.6102962,Quota Exceeded
7909,1930,Zweite und dritte Beratung des Entwurfs eines Gesetzes über die Pflicht zum Antrag auf Er,-2.1708353,Quota Exceeded
373,1931,Von der Tagesordnung abgesetzt 1 1 674 VV Nächste Sitzung 1,-2.2604992,Quota Exceeded
2965,1930,Ich befinde mich da im Gegensatz zu den Auffassungen die vielfach auf der Rechten zutage getreten sind,-2.695008,Quota Exceeded
34717,1930,Für mich handelt es sich dabei um die Schaffung der Grundlagen unserer Staats und Auenpolitik über haupt,-2.154193,Quota Exceeded
26857,1930,Ihre erste Aufgabe war Ordnung zu schaffen und den Haushaltsplan der Stadt Koburg gründlich zu sanieren,-2.4007697,Quota Exceeded
11341,1930,Das Landgericht habe dann wegen Ablaufs des Rcpublikschutzgesetzes das Ver fahren eingestellt,-2.643818,Quota Exceeded
40261,1930,Ich habe auch gesagt da die Last ab solut zu hoch ist,-5.8117313,Quota Exceeded
